0 0.365625 0.3421875 0.4109375 0.3421875 0.4109375 0.3109375 0.365625 0.3109375 0.365625 0.3421875
0 0.4515625 0.384375 0.484375 0.384375 0.484375 0.3328125 0.4515625 0.3328125 0.4515625 0.384375
0 0.5484375 0.3265625 0.5828125 0.3265625 0.5828125 0.2828125 0.5484375 0.2828125 0.5484375 0.3265625
0 0.6484375 0.4296875 0.6859375 0.4296875 0.6859375 0.396875 0.6484375 0.396875 0.6484375 0.4296875
0 0.5890625 0.490625 0.6109375 0.490625 0.6109375 0.446875 0.5890625 0.446875 0.5890625 0.490625
0 0.6625 0.6265625 0.690625 0.6265625 0.690625 0.5734375 0.6625 0.5734375 0.6625 0.6265625
0 0.5859375 0.659375 0.6109375 0.659375 0.6109375 0.6078125 0.5859375 0.6078125 0.5859375 0.659375
0 0.5515625 0.5640625 0.5796875 0.5640625 0.5796875 0.5171875 0.5515625 0.5171875 0.5515625 0.5640625
0 0.496875 0.7234375 0.540625 0.7234375 0.540625 0.6953125 0.496875 0.6953125 0.496875 0.7234375
0 0.3296875 0.74375 0.3703125 0.74375 0.3703125 0.721875 0.3296875 0.721875 0.3296875 0.74375
0 0.26875 0.740625 0.296875 0.740625 0.296875 0.7125 0.26875 0.7125 0.26875 0.740625
0 0.2453125 0.675 0.2703125 0.675 0.2703125 0.6375 0.2453125 0.6375 0.2453125 0.675
0 0.2921875 0.69375 0.3265625 0.69375 0.3265625 0.6734375 0.2921875 0.6734375 0.2921875 0.69375
0 0.2953125 0.5296875 0.3140625 0.5296875 0.3140625 0.4921875 0.2953125 0.4921875 0.2953125 0.5296875
0 0.321875 0.5 0.340625 0.5 0.340625 0.4625 0.321875 0.4625 0.321875 0.5
0 0.38125 0.503125 0.40625 0.503125 0.40625 0.4625 0.38125 0.4625 0.38125 0.503125
0 0.425 0.48125 0.45 0.48125 0.45 0.4421875 0.425 0.4421875 0.425 0.48125
0 0.475 0.4828125 0.5 0.4828125 0.5 0.43125 0.475 0.43125 0.475 0.4828125
0 0.503125 0.528125 0.525 0.528125 0.525 0.478125 0.503125 0.478125 0.503125 0.528125
0 0.446875 0.6265625 0.46875 0.6265625 0.46875 0.5875 0.446875 0.5875 0.446875 0.6265625
0 0.4125 0.628125 0.446875 0.628125 0.446875 0.58125 0.4125 0.58125 0.4125 0.628125
0 0.3265625 0.60625 0.3484375 0.60625 0.3484375 0.578125 0.3265625 0.578125 0.3265625 0.60625
0 0.3125 0.5734375 0.3359375 0.5734375 0.3359375 0.5421875 0.3125 0.5421875 0.3125 0.5734375