0 0.7171875 0.3921875 0.7375 0.3921875 0.7375 0.3484375 0.7171875 0.3484375 0.7171875 0.3921875
0 0.69375 0.425 0.7125 0.425 0.7125 0.390625 0.69375 0.390625 0.69375 0.425
0 0.68125 0.5421875 0.7015625 0.5421875 0.7015625 0.50625 0.68125 0.50625 0.68125 0.5421875
0 0.65 0.5109375 0.675 0.5109375 0.675 0.46875 0.65 0.46875 0.65 0.5109375
0 0.621875 0.559375 0.653125 0.559375 0.653125 0.515625 0.621875 0.515625 0.621875 0.559375
0 0.6203125 0.2625 0.6421875 0.2625 0.6421875 0.2171875 0.6203125 0.2171875 0.6203125 0.2625
0 0.58125 0.2484375 0.6 0.2484375 0.6 0.2046875 0.58125 0.2046875 0.58125 0.2484375
0 0.525 0.26875 0.5515625 0.26875 0.5515625 0.24375 0.525 0.24375 0.525 0.26875
0 0.4953125 0.278125 0.5171875 0.278125 0.5171875 0.2328125 0.4953125 0.2328125 0.4953125 0.278125
0 0.5515625 0.3625 0.578125 0.3625 0.578125 0.340625 0.5515625 0.340625 0.5515625 0.3625
0 0.540625 0.4 0.56875 0.4 0.56875 0.371875 0.540625 0.371875 0.540625 0.4
0 0.4328125 0.38125 0.4578125 0.38125 0.4578125 0.3375 0.4328125 0.3375 0.4328125 0.38125
0 0.4515625 0.4265625 0.471875 0.4265625 0.471875 0.396875 0.4515625 0.396875 0.4515625 0.4265625
0 0.3953125 0.4640625 0.446875 0.4640625 0.446875 0.434375 0.3953125 0.434375 0.3953125 0.4640625
0 0.478125 0.5015625 0.4953125 0.5015625 0.4953125 0.4703125 0.478125 0.4703125 0.478125 0.5015625
0 0.5125 0.478125 0.5359375 0.478125 0.5359375 0.4375 0.5125 0.4375 0.5125 0.478125
0 0.5578125 0.528125 0.5953125 0.528125 0.5953125 0.4890625 0.5578125 0.4890625 0.5578125 0.528125
0 0.596875 0.4671875 0.61875 0.4671875 0.61875 0.4265625 0.596875 0.4265625 0.596875 0.4671875
0 0.646875 0.45 0.678125 0.45 0.678125 0.409375 0.646875 0.409375 0.646875 0.45
0 0.6234375 0.4296875 0.646875 0.4296875 0.646875 0.4 0.6234375 0.4 0.6234375 0.4296875
0 0.5140625 0.5578125 0.5421875 0.5578125 0.5421875 0.521875 0.5140625 0.521875 0.5140625 0.5578125
0 0.4703125 0.5625 0.5 0.5625 0.5 0.5296875 0.4703125 0.5296875 0.4703125 0.5625
0 0.4578125 0.625 0.4859375 0.625 0.4859375 0.596875 0.4578125 0.596875 0.4578125 0.625
0 0.428125 0.671875 0.4453125 0.671875 0.4453125 0.61875 0.428125 0.61875 0.428125 0.671875
0 0.403125 0.5828125 0.4265625 0.5828125 0.4265625 0.5421875 0.403125 0.5421875 0.403125 0.5828125
0 0.378125 0.6265625 0.4 0.6265625 0.4 0.5796875 0.378125 0.5796875 0.378125 0.6265625
0 0.3421875 0.634375 0.3703125 0.634375 0.3703125 0.5921875 0.3421875 0.5921875 0.3421875 0.634375
0 0.3140625 0.6375 0.328125 0.6375 0.328125 0.6015625 0.3140625 0.6015625 0.3140625 0.6375
0 0.3640625 0.38125 0.4 0.38125 0.4 0.3515625 0.3640625 0.3515625 0.3640625 0.38125
0 0.3265625 0.365625 0.35 0.365625 0.35 0.3265625 0.3265625 0.3265625 0.3265625 0.365625
0 0.3421875 0.290625 0.3671875 0.290625 0.3671875 0.246875 0.3421875 0.246875 0.3421875 0.290625
0 0.325 0.3203125 0.3609375 0.3203125 0.3609375 0.296875 0.325 0.296875 0.325 0.3203125
0 0.3109375 0.4203125 0.3328125 0.4203125 0.3328125 0.3859375 0.3109375 0.3859375 0.3109375 0.4203125
0 0.3296875 0.4453125 0.3546875 0.4453125 0.3546875 0.41875 0.3296875 0.41875 0.3296875 0.4453125
0 0.3359375 0.4796875 0.36875 0.4796875 0.36875 0.4453125 0.3359375 0.4453125 0.3359375 0.4796875