0 0.66875 0.3984375 0.690625 0.3984375 0.690625 0.3421875 0.66875 0.3421875 0.66875 0.3984375
0 0.584375 0.3046875 0.603125 0.3046875 0.603125 0.2578125 0.584375 0.2578125 0.584375 0.3046875
0 0.5484375 0.3453125 0.575 0.3453125 0.575 0.315625 0.5484375 0.315625 0.5484375 0.3453125
0 0.50625 0.3265625 0.54375 0.3265625 0.54375 0.2984375 0.50625 0.2984375 0.50625 0.3265625
0 0.4828125 0.290625 0.515625 0.290625 0.515625 0.24375 0.4828125 0.24375 0.4828125 0.290625
0 0.4421875 0.2890625 0.48125 0.2890625 0.48125 0.2578125 0.4421875 0.2578125 0.4421875 0.2890625
0 0.5203125 0.4546875 0.540625 0.4546875 0.540625 0.4 0.5203125 0.4 0.5203125 0.4546875
0 0.5015625 0.3796875 0.5296875 0.3796875 0.5296875 0.35625 0.5015625 0.35625 0.5015625 0.3796875
0 0.5546875 0.5390625 0.575 0.5390625 0.575 0.50625 0.5546875 0.50625 0.5546875 0.5390625
0 0.559375 0.6 0.584375 0.6 0.584375 0.5640625 0.559375 0.5640625 0.559375 0.6
0 0.51875 0.59375 0.54375 0.59375 0.54375 0.56875 0.51875 0.56875 0.51875 0.59375
0 0.4375 0.590625 0.46875 0.590625 0.46875 0.5640625 0.4375 0.5640625 0.4375 0.590625
0 0.4234375 0.6390625 0.4515625 0.6390625 0.4515625 0.6015625 0.4234375 0.6015625 0.4234375 0.6390625
0 0.616884753125 0.523207715625 0.625536615625 0.5600081828125 0.64638000625 0.5551078609375 0.63772814375 0.51830739375 0.616884753125 0.523207715625
0 0.6018565890625001 0.5404297390624999 0.6182044890625 0.59883941875 0.6390076609374999 0.59301695625 0.6226597625 0.5346072765625001 0.6018565890625001 0.5404297390624999
0 0.2796875 0.6359375 0.303125 0.6359375 0.303125 0.6015625 0.2796875 0.6015625 0.2796875 0.6359375
0 0.3234375 0.5796875 0.34375 0.5796875 0.34375 0.5453125 0.3234375 0.5453125 0.3234375 0.5796875
0 0.35 0.5078125 0.3875 0.5078125 0.3875 0.46875 0.35 0.46875 0.35 0.5078125
0 0.40625 0.5125 0.446875 0.5125 0.446875 0.4734375 0.40625 0.4734375 0.40625 0.5125
0 0.453125 0.44375 0.46875 0.44375 0.46875 0.4078125 0.453125 0.4078125 0.453125 0.44375
0 0.415625 0.4453125 0.44375 0.4453125 0.44375 0.4125 0.415625 0.4125 0.415625 0.4453125
0 0.3265625 0.3046875 0.3484375 0.3046875 0.3484375 0.2671875 0.3265625 0.2671875 0.3265625 0.3046875
0 0.3859375 0.3828125 0.41875 0.3828125 0.41875 0.359375 0.3859375 0.359375 0.3859375 0.3828125
0 0.371875 0.3875 0.384375 0.3875 0.384375 0.353125 0.371875 0.353125 0.371875 0.3875
0 0.3453125 0.36875 0.3671875 0.36875 0.3671875 0.3375 0.3453125 0.3375 0.3453125 0.36875
0 0.2921875 0.4046875 0.3171875 0.4046875 0.3171875 0.365625 0.2921875 0.365625 0.2921875 0.4046875
0 0.303125 0.44375 0.33125 0.44375 0.33125 0.4171875 0.303125 0.4171875 0.303125 0.44375
0 0.3106234390625 0.345054446875 0.33050559062499996 0.3819569234375 0.3452789765625 0.3739973828125 0.325396825 0.3370949078125 0.3106234390625 0.345054446875