0 0.5671875 0.2734375 0.509375 0.2734375 0.509375 0.2953125 0.5671875 0.2953125 0.5671875 0.2734375
0 0.621875 0.29375 0.5828125 0.29375 0.5828125 0.3125 0.621875 0.3125 0.621875 0.29375
0 0.3203125 0.6546875 0.2796875 0.6546875 0.2796875 0.6765625 0.3203125 0.6765625 0.3203125 0.6546875
0 0.396875 0.659375 0.35625 0.659375 0.35625 0.6828125 0.396875 0.6828125 0.396875 0.659375
0 0.534375 0.6609375 0.490625 0.6609375 0.490625 0.68125 0.534375 0.68125 0.534375 0.6609375
0 0.625 0.5421875 0.6 0.5421875 0.6 0.5703125 0.625 0.5703125 0.625 0.5421875
0 0.6265625 0.4640625 0.60625 0.4640625 0.60625 0.4890625 0.6265625 0.4890625 0.6265625 0.4640625
0 0.6109375 0.3703125 0.5734375 0.3703125 0.5734375 0.3859375 0.6109375 0.3859375 0.6109375 0.3703125
0 0.525 0.4078125 0.484375 0.4078125 0.484375 0.4234375 0.525 0.4234375 0.525 0.4078125
0 0.6015625 0.4109375 0.5625 0.4109375 0.5625 0.428125 0.6015625 0.428125 0.6015625 0.4109375
0 0.4921875 0.3625 0.4640625 0.3625 0.4640625 0.3828125 0.4921875 0.3828125 0.4921875 0.3625
0 0.53125 0.3578125 0.496875 0.3578125 0.496875 0.3765625 0.53125 0.3765625 0.53125 0.3578125
0 0.3734375 0.35 0.3296875 0.35 0.3296875 0.371875 0.3734375 0.371875 0.3734375 0.35
0 0.340625 0.33125 0.303125 0.33125 0.303125 0.353125 0.340625 0.353125 0.340625 0.33125
0 0.303125 0.271875 0.2640625 0.271875 0.2640625 0.296875 0.303125 0.296875 0.303125 0.271875
0 0.33125 0.284375 0.303125 0.284375 0.303125 0.309375 0.33125 0.309375 0.33125 0.284375
0 0.35625 0.2640625 0.33125 0.2640625 0.33125 0.296875 0.35625 0.296875 0.35625 0.2640625
0 0.328125 0.5390625 0.2890625 0.5390625 0.2890625 0.56875 0.328125 0.56875 0.328125 0.5390625
0 0.3703125 0.5125 0.3296875 0.5125 0.3296875 0.5421875 0.3703125 0.5421875 0.3703125 0.5125
0 0.440625 0.5328125 0.396875 0.5328125 0.396875 0.5578125 0.440625 0.5578125 0.440625 0.5328125
0 0.4921875 0.5359375 0.4578125 0.5359375 0.4578125 0.5546875 0.4921875 0.5546875 0.4921875 0.5359375
0 0.611901515625 0.6710322343749999 0.598096896875 0.660158884375 0.570512878125 0.6951790828125 0.584317496875 0.7060524328125 0.611901515625 0.6710322343749999
0 0.626691846875 0.6893516484375 0.6122242531250001 0.6780483828125 0.5897408828125 0.7068259296875 0.6042084765625 0.7181291953125 0.626691846875 0.6893516484375