0 0.7 0.225 0.6796875 0.225 0.6796875 0.2671875 0.7 0.2671875 0.7 0.225
0 0.6390625 0.234375 0.6140625 0.234375 0.6140625 0.2703125 0.6390625 0.2703125 0.6390625 0.234375
0 0.7375 0.2796875 0.703125 0.2796875 0.703125 0.3078125 0.7375 0.3078125 0.7375 0.2796875
0 0.7390625 0.3515625 0.703125 0.3515625 0.703125 0.38125 0.7390625 0.38125 0.7390625 0.3515625
0 0.6640625 0.40625 0.6359375 0.40625 0.6359375 0.4375 0.6640625 0.4375 0.6640625 0.40625
0 0.671875 0.446875 0.640625 0.446875 0.640625 0.475 0.671875 0.475 0.671875 0.446875
0 0.740625 0.6328125 0.7109375 0.6328125 0.7109375 0.6578125 0.740625 0.6578125 0.740625 0.6328125
0 0.690625 0.6109375 0.66875 0.6109375 0.66875 0.6359375 0.690625 0.6359375 0.690625 0.6109375
0 0.6875 0.575 0.6671875 0.575 0.6671875 0.6109375 0.6875 0.6109375 0.6875 0.575
0 0.6671875 0.534375 0.640625 0.534375 0.640625 0.5671875 0.6671875 0.5671875 0.6671875 0.534375
0 0.6234375 0.54375 0.603125 0.54375 0.603125 0.5765625 0.6234375 0.5765625 0.6234375 0.54375
0 0.59375 0.6015625 0.5578125 0.6015625 0.5578125 0.61875 0.59375 0.61875 0.59375 0.6015625
0 0.49375 0.4390625 0.471875 0.4390625 0.471875 0.4734375 0.49375 0.4734375 0.49375 0.4390625
0 0.453125 0.48125 0.415625 0.48125 0.415625 0.503125 0.453125 0.503125 0.453125 0.48125
0 0.4265625 0.45 0.4078125 0.45 0.4078125 0.4828125 0.4265625 0.4828125 0.4265625 0.45
0 0.43125 0.5703125 0.415625 0.5703125 0.415625 0.6125 0.43125 0.6125 0.43125 0.5703125
0 0.384375 0.5609375 0.36875 0.5609375 0.36875 0.5984375 0.384375 0.5984375 0.384375 0.5609375
0 0.43125 0.3640625 0.4078125 0.3640625 0.4078125 0.4078125 0.43125 0.4078125 0.43125 0.3640625
0 0.459375 0.3359375 0.4375 0.3359375 0.4375 0.3609375 0.459375 0.3609375 0.459375 0.3359375
0 0.4953125 0.2890625 0.4671875 0.2890625 0.4671875 0.328125 0.4953125 0.328125 0.4953125 0.2890625
0 0.4484375 0.2609375 0.41875 0.2609375 0.41875 0.2953125 0.4484375 0.2953125 0.4484375 0.2609375
0 0.3875 0.328125 0.3578125 0.328125 0.3578125 0.359375 0.3875 0.359375 0.3875 0.328125
0 0.3546875 0.284375 0.3265625 0.284375 0.3265625 0.3125 0.3546875 0.3125 0.3546875 0.284375