0 0.7171875 0.2484375 0.6890625 0.2484375 0.6890625 0.284375 0.7171875 0.284375 0.7171875 0.2484375
0 0.621875 0.253125 0.5875 0.253125 0.5875 0.29375 0.621875 0.29375 0.621875 0.253125
0 0.615625 0.1953125 0.575 0.1953125 0.575 0.2359375 0.615625 0.2359375 0.615625 0.1953125
0 0.65 0.490625 0.61875 0.490625 0.61875 0.525 0.65 0.525 0.65 0.490625
0 0.61875 0.4171875 0.5875 0.4171875 0.5875 0.4515625 0.61875 0.4515625 0.61875 0.4171875
0 0.5625 0.3578125 0.534375 0.3578125 0.534375 0.3859375 0.5625 0.3859375 0.5625 0.3578125
0 0.56875 0.415625 0.55 0.415625 0.55 0.4515625 0.56875 0.4515625 0.56875 0.415625
0 0.5421875 0.4625 0.5203125 0.4625 0.5203125 0.496875 0.5421875 0.496875 0.5421875 0.4625
0 0.475 0.4296875 0.45 0.4296875 0.45 0.46875 0.475 0.46875 0.475 0.4296875
0 0.509375 0.30625 0.478125 0.30625 0.478125 0.3296875 0.509375 0.3296875 0.509375 0.30625
0 0.61875 0.6765625 0.5875 0.6765625 0.5875 0.7203125 0.61875 0.7203125 0.61875 0.6765625
0 0.5453125 0.6609375 0.5234375 0.6609375 0.5234375 0.7046875 0.5453125 0.7046875 0.5453125 0.6609375
0 0.484375 0.6375 0.46875 0.6375 0.46875 0.69375 0.484375 0.69375 0.484375 0.6375
0 0.4484375 0.6546875 0.425 0.6546875 0.425 0.690625 0.4484375 0.690625 0.4484375 0.6546875
0 0.5125 0.1703125 0.484375 0.1703125 0.484375 0.1984375 0.5125 0.1984375 0.5125 0.1703125
0 0.4921875 0.196875 0.4578125 0.196875 0.4578125 0.234375 0.4921875 0.234375 0.4921875 0.196875
0 0.446875 0.1734375 0.428125 0.1734375 0.428125 0.2078125 0.446875 0.2078125 0.446875 0.1734375
0 0.4515625 0.271875 0.4328125 0.271875 0.4328125 0.30625 0.4515625 0.30625 0.4515625 0.271875
0 0.421875 0.240625 0.4015625 0.240625 0.4015625 0.2765625 0.421875 0.2765625 0.421875 0.240625
0 0.3703125 0.3421875 0.3453125 0.3421875 0.3453125 0.3765625 0.3703125 0.3765625 0.3703125 0.3421875
0 0.334375 0.3296875 0.303125 0.3296875 0.303125 0.365625 0.334375 0.365625 0.334375 0.3296875
0 0.3328125 0.2703125 0.3046875 0.2703125 0.3046875 0.2984375 0.3328125 0.2984375 0.3328125 0.2703125
0 0.3484375 0.23125 0.3234375 0.23125 0.3234375 0.265625 0.3484375 0.265625 0.3484375 0.23125