0 0.6671875 0.3125 0.6890625 0.3125 0.6890625 0.284375 0.6671875 0.284375 0.6671875 0.3125
0 0.6703125 0.4765625 0.703125 0.4765625 0.703125 0.440625 0.6703125 0.440625 0.6703125 0.4765625
0 0.6171875 0.4640625 0.6390625 0.4640625 0.6390625 0.440625 0.6171875 0.440625 0.6171875 0.4640625
0 0.4921875 0.3515625 0.5265625 0.3515625 0.5265625 0.315625 0.4921875 0.315625 0.4921875 0.3515625
0 0.403125 0.3203125 0.4234375 0.3203125 0.4234375 0.2828125 0.403125 0.2828125 0.403125 0.3203125
0 0.43125 0.465625 0.45625 0.465625 0.45625 0.4328125 0.43125 0.4328125 0.43125 0.465625
0 0.3890625 0.4375 0.4296875 0.4375 0.4296875 0.4109375 0.3890625 0.4109375 0.3890625 0.4375
0 0.4921875 0.503125 0.5140625 0.503125 0.5140625 0.4640625 0.4921875 0.4640625 0.4921875 0.503125
0 0.3875 0.5609375 0.4140625 0.5609375 0.4140625 0.5125 0.3875 0.5125 0.3875 0.5609375
0 0.4875 0.6078125 0.5109375 0.6078125 0.5109375 0.575 0.4875 0.575 0.4875 0.6078125
0 0.5671875 0.603125 0.584375 0.603125 0.584375 0.56875 0.5671875 0.56875 0.5671875 0.603125
0 0.5453125 0.70625 0.5796875 0.70625 0.5796875 0.68125 0.5453125 0.68125 0.5453125 0.70625
0 0.6109375 0.690625 0.628125 0.690625 0.628125 0.625 0.6109375 0.625 0.6109375 0.690625
0 0.63125 0.6671875 0.64375 0.6671875 0.64375 0.6109375 0.63125 0.6109375 0.63125 0.6671875
0 0.6703125 0.6828125 0.6953125 0.6828125 0.6953125 0.65625 0.6703125 0.65625 0.6703125 0.6828125
0 0.6421875 0.68125 0.6640625 0.68125 0.6640625 0.6609375 0.6421875 0.6609375 0.6421875 0.68125
0 0.6453125 0.7359375 0.6796875 0.7359375 0.6796875 0.703125 0.6453125 0.703125 0.6453125 0.7359375