0 0.434375 0.625 0.3875 0.625 0.3875 0.646875 0.434375 0.646875 0.434375 0.625
0 0.375 0.5390625 0.340625 0.5390625 0.340625 0.5640625 0.375 0.5640625 0.375 0.5390625
0 0.3734375 0.459375 0.3203125 0.459375 0.3203125 0.484375 0.3734375 0.484375 0.3734375 0.459375
0 0.3984375 0.4375 0.3546875 0.4375 0.3546875 0.453125 0.3984375 0.453125 0.3984375 0.4375
0 0.3109375 0.3875 0.2859375 0.3875 0.2859375 0.4171875 0.3109375 0.4171875 0.3109375 0.3875
0 0.365625 0.3796875 0.321875 0.3796875 0.321875 0.403125 0.365625 0.403125 0.365625 0.3796875
0 0.325 0.2796875 0.275 0.2796875 0.275 0.3140625 0.325 0.3140625 0.325 0.2796875
0 0.39375 0.3125 0.359375 0.3125 0.359375 0.340625 0.39375 0.340625 0.39375 0.3125
0 0.6 0.3953125 0.553125 0.3953125 0.553125 0.4234375 0.6 0.4234375 0.6 0.3953125
0 0.6 0.4875 0.571875 0.4875 0.571875 0.5171875 0.6 0.5171875 0.6 0.4875
0 0.690625 0.4453125 0.6625 0.4453125 0.6625 0.478125 0.690625 0.478125 0.690625 0.4453125
0 0.6765625 0.5953125 0.6484375 0.5953125 0.6484375 0.6140625 0.6765625 0.6140625 0.6765625 0.5953125
0 0.6625 0.6140625 0.628125 0.6140625 0.628125 0.6359375 0.6625 0.6359375 0.6625 0.6140625
0 0.56875 0.634375 0.525 0.634375 0.525 0.6625 0.56875 0.6625 0.56875 0.634375