0 0.459375 0.734375 0.490625 0.734375 0.490625 0.703125 0.459375 0.703125 0.459375 0.734375
0 0.3484375 0.6859375 0.3796875 0.6859375 0.3796875 0.6578125 0.3484375 0.6578125 0.3484375 0.6859375
0 0.340625 0.653125 0.3796875 0.653125 0.3796875 0.63125 0.340625 0.63125 0.340625 0.653125
0 0.3734375 0.5796875 0.4328125 0.5796875 0.4328125 0.559375 0.3734375 0.559375 0.3734375 0.5796875
0 0.328125 0.5640625 0.36875 0.5640625 0.36875 0.5203125 0.328125 0.5203125 0.328125 0.5640625
0 0.4171875 0.6265625 0.4484375 0.6265625 0.4484375 0.6046875 0.4171875 0.6046875 0.4171875 0.6265625
0 0.3921875 0.6609375 0.434375 0.6609375 0.434375 0.640625 0.3921875 0.640625 0.3921875 0.6609375
0 0.575 0.715625 0.60625 0.715625 0.60625 0.671875 0.575 0.671875 0.575 0.715625
0 0.5625 0.6609375 0.5984375 0.6609375 0.5984375 0.6359375 0.5625 0.6359375 0.5625 0.6609375
0 0.578125 0.634375 0.603125 0.634375 0.603125 0.60625 0.578125 0.60625 0.578125 0.634375
0 0.60625 0.6140625 0.640625 0.6140625 0.640625 0.5703125 0.60625 0.5703125 0.60625 0.6140625
0 0.646875 0.6296875 0.678125 0.6296875 0.678125 0.5984375 0.646875 0.5984375 0.646875 0.6296875
0 0.678125 0.603125 0.7140625 0.603125 0.7140625 0.5453125 0.678125 0.5453125 0.678125 0.603125
0 0.54375 0.5890625 0.6 0.5890625 0.6 0.565625 0.54375 0.565625 0.54375 0.5890625
0 0.584375 0.5609375 0.6125 0.5609375 0.6125 0.5328125 0.584375 0.5328125 0.584375 0.5609375
0 0.553125 0.5375 0.58125 0.5375 0.58125 0.503125 0.553125 0.503125 0.553125 0.5375
0 0.515625 0.5421875 0.54375 0.5421875 0.54375 0.5109375 0.515625 0.5109375 0.515625 0.5421875
0 0.475 0.55 0.5140625 0.55 0.5140625 0.51875 0.475 0.51875 0.475 0.55
0 0.384375 0.5015625 0.4421875 0.5015625 0.4421875 0.4765625 0.384375 0.4765625 0.384375 0.5015625
0 0.4078125 0.46875 0.4578125 0.46875 0.4578125 0.446875 0.4078125 0.446875 0.4078125 0.46875
0 0.3984375 0.4234375 0.434375 0.4234375 0.434375 0.3953125 0.3984375 0.3953125 0.3984375 0.4234375
0 0.3578125 0.3734375 0.3921875 0.3734375 0.3921875 0.3421875 0.3578125 0.3421875 0.3578125 0.3734375
0 0.4640625 0.3734375 0.503125 0.3734375 0.503125 0.3453125 0.4640625 0.3453125 0.4640625 0.3734375
0 0.5703125 0.4375 0.6015625 0.4375 0.6015625 0.40625 0.5703125 0.40625 0.5703125 0.4375
0 0.6046875 0.4171875 0.6515625 0.4171875 0.6515625 0.3953125 0.6046875 0.3953125 0.6046875 0.4171875
0 0.646875 0.4453125 0.709375 0.4453125 0.709375 0.4171875 0.646875 0.4171875 0.646875 0.4453125