0 0.5625 0.246875 0.5296875 0.246875 0.5296875 0.2953125 0.5625 0.2953125 0.5625 0.246875
0 0.4734375 0.271875 0.4484375 0.271875 0.4484375 0.3046875 0.4734375 0.3046875 0.4734375 0.271875
0 0.4125 0.3640625 0.3859375 0.3640625 0.3859375 0.3875 0.4125 0.3875 0.4125 0.3640625
0 0.35 0.4203125 0.328125 0.4203125 0.328125 0.4453125 0.35 0.4453125 0.35 0.4203125
0 0.365625 0.453125 0.3515625 0.453125 0.3515625 0.4765625 0.365625 0.4765625 0.365625 0.453125
0 0.359375 0.6265625 0.3375 0.6265625 0.3375 0.6703125 0.359375 0.6703125 0.359375 0.6265625
0 0.409375 0.68125 0.3625 0.68125 0.3625 0.7234375 0.409375 0.7234375 0.409375 0.68125
0 0.359375 0.6734375 0.3421875 0.6734375 0.3421875 0.721875 0.359375 0.721875 0.359375 0.6734375
0 0.471875 0.71875 0.45 0.71875 0.45 0.7453125 0.471875 0.7453125 0.471875 0.71875
0 0.4546875 0.684375 0.4203125 0.684375 0.4203125 0.70625 0.4546875 0.70625 0.4546875 0.684375
0 0.5328125 0.6765625 0.496875 0.6765625 0.496875 0.7203125 0.5328125 0.7203125 0.5328125 0.6765625
0 0.5625 0.709375 0.534375 0.709375 0.534375 0.73125 0.5625 0.73125 0.5625 0.709375
0 0.6453125 0.7125 0.625 0.7125 0.625 0.7390625 0.6453125 0.7390625 0.6453125 0.7125
0 0.6796875 0.6890625 0.65625 0.6890625 0.65625 0.7328125 0.6796875 0.7328125 0.6796875 0.6890625
0 0.6015625 0.675 0.5765625 0.675 0.5765625 0.703125 0.6015625 0.703125 0.6015625 0.675
0 0.61875 0.646875 0.6015625 0.646875 0.6015625 0.678125 0.61875 0.678125 0.61875 0.646875
0 0.671875 0.5734375 0.6421875 0.5734375 0.6421875 0.6140625 0.671875 0.6140625 0.671875 0.5734375
0 0.6390625 0.5765625 0.6234375 0.5765625 0.6234375 0.6109375 0.6390625 0.6109375 0.6390625 0.5765625
0 0.5984375 0.575 0.578125 0.575 0.578125 0.61875 0.5984375 0.61875 0.5984375 0.575
0 0.5609375 0.5484375 0.540625 0.5484375 0.540625 0.59375 0.5609375 0.59375 0.5609375 0.5484375
0 0.6125 0.5234375 0.5921875 0.5234375 0.5921875 0.571875 0.6125 0.571875 0.6125 0.5234375
0 0.6765625 0.4859375 0.65625 0.4859375 0.65625 0.5140625 0.6765625 0.5140625 0.6765625 0.4859375
0 0.6625 0.440625 0.6421875 0.440625 0.6421875 0.4640625 0.6625 0.4640625 0.6625 0.440625
0 0.646875 0.4046875 0.628125 0.4046875 0.628125 0.4421875 0.646875 0.4421875 0.646875 0.4046875
0 0.5671875 0.4625 0.5390625 0.4625 0.5390625 0.496875 0.5671875 0.496875 0.5671875 0.4625
0 0.5578125 0.390625 0.534375 0.390625 0.534375 0.415625 0.5578125 0.415625 0.5578125 0.390625
0 0.5703125 0.3640625 0.5515625 0.3640625 0.5515625 0.390625 0.5703125 0.390625 0.5703125 0.3640625
0 0.615625 0.3453125 0.5859375 0.3453125 0.5859375 0.3828125 0.615625 0.3828125 0.615625 0.3453125
0 0.428125 0.415625 0.390625 0.415625 0.390625 0.4390625 0.428125 0.4390625 0.428125 0.415625
0 0.44288937500000003 0.44130899218749997 0.4259065171875 0.425781809375 0.4000320796875 0.4540819765625 0.4170149375 0.46960915937500003 0.44288937500000003 0.44130899218749997