0 0.3328125 0.3484375 0.278125 0.3484375 0.278125 0.3796875 0.3328125 0.3796875 0.3328125 0.3484375
0 0.4203125 0.34375 0.3703125 0.34375 0.3703125 0.3625 0.4203125 0.3625 0.4203125 0.34375
0 0.515625 0.3125 0.4875 0.3125 0.4875 0.3546875 0.515625 0.3546875 0.515625 0.3125
0 0.5625 0.3390625 0.5390625 0.3390625 0.5390625 0.3734375 0.5625 0.3734375 0.5625 0.3390625
0 0.6578125 0.390625 0.6265625 0.390625 0.6265625 0.425 0.6578125 0.425 0.6578125 0.390625
0 0.653125 0.4421875 0.603125 0.4421875 0.603125 0.4625 0.653125 0.4625 0.653125 0.4421875
0 0.665625 0.5609375 0.6125 0.5609375 0.6125 0.58125 0.665625 0.58125 0.665625 0.5609375
0 0.534375 0.55625 0.46875 0.55625 0.46875 0.578125 0.534375 0.578125 0.534375 0.55625
0 0.471875 0.4875 0.434375 0.4875 0.434375 0.5109375 0.471875 0.5109375 0.471875 0.4875
0 0.4015625 0.4578125 0.3546875 0.4578125 0.3546875 0.4984375 0.4015625 0.4984375 0.4015625 0.4578125
0 0.4453125 0.5765625 0.4140625 0.5765625 0.4140625 0.5953125 0.4453125 0.5953125 0.4453125 0.5765625
0 0.3453125 0.596875 0.3203125 0.596875 0.3203125 0.625 0.3453125 0.625 0.3453125 0.596875
0 0.3125 0.6359375 0.284375 0.6359375 0.284375 0.6609375 0.3125 0.6609375 0.3125 0.6359375
0 0.4078125 0.6359375 0.3703125 0.6359375 0.3703125 0.6609375 0.4078125 0.6609375 0.4078125 0.6359375
0 0.5484375 0.6453125 0.5140625 0.6453125 0.5140625 0.675 0.5484375 0.675 0.5484375 0.6453125
0 0.328125 0.4109375 0.2703125 0.4109375 0.2703125 0.4328125 0.328125 0.4328125 0.328125 0.4109375