0 0.6203125 0.6703125 0.68125 0.6703125 0.68125 0.6484375 0.6203125 0.6484375 0.6203125 0.6703125
0 0.5796875 0.6453125 0.634375 0.6453125 0.634375 0.6234375 0.5796875 0.6234375 0.5796875 0.6453125
0 0.5546875 0.4171875 0.5984375 0.4171875 0.5984375 0.3875 0.5546875 0.3875 0.5546875 0.4171875
0 0.49375 0.5359375 0.5375 0.5359375 0.5375 0.5171875 0.49375 0.5171875 0.49375 0.5359375
0 0.49375 0.653125 0.5359375 0.653125 0.5359375 0.6203125 0.49375 0.6203125 0.49375 0.653125
0 0.43125 0.665625 0.475 0.665625 0.475 0.64375 0.43125 0.64375 0.43125 0.665625
0 0.4546875 0.6125 0.4796875 0.6125 0.4796875 0.584375 0.4546875 0.584375 0.4546875 0.6125
0 0.3609375 0.653125 0.4171875 0.653125 0.4171875 0.634375 0.3609375 0.634375 0.3609375 0.653125
0 0.24375 0.6578125 0.2796875 0.6578125 0.2796875 0.634375 0.24375 0.634375 0.24375 0.6578125
0 0.284375 0.5453125 0.33125 0.5453125 0.33125 0.5234375 0.284375 0.5234375 0.284375 0.5453125
0 0.4046875 0.5203125 0.459375 0.5203125 0.459375 0.503125 0.4046875 0.503125 0.4046875 0.5203125
0 0.4328125 0.4578125 0.46875 0.4578125 0.46875 0.4375 0.4328125 0.4375 0.4328125 0.4578125
0 0.3 0.3765625 0.340625 0.3765625 0.340625 0.3578125 0.3 0.3578125 0.3 0.3765625
0 0.253125 0.3984375 0.3 0.3984375 0.3 0.3765625 0.253125 0.3765625 0.253125 0.3984375
0 0.240625 0.553125 0.2828125 0.553125 0.2828125 0.5125 0.240625 0.5125 0.240625 0.553125