0 0.3125 0.7015625 0.34375 0.7015625 0.34375 0.6703125 0.3125 0.6703125 0.3125 0.7015625
0 0.4421875 0.653125 0.4765625 0.653125 0.4765625 0.6234375 0.4421875 0.6234375 0.4421875 0.653125
0 0.5828125 0.6296875 0.6109375 0.6296875 0.6109375 0.6 0.5828125 0.6 0.5828125 0.6296875
0 0.5234375 0.58125 0.5484375 0.58125 0.5484375 0.553125 0.5234375 0.553125 0.5234375 0.58125
0 0.5171875 0.553125 0.5421875 0.553125 0.5421875 0.5234375 0.5171875 0.5234375 0.5171875 0.553125
0 0.5890625 0.503125 0.6296875 0.503125 0.6296875 0.475 0.5890625 0.475 0.5890625 0.503125
0 0.5015625 0.46875 0.5328125 0.46875 0.5328125 0.4484375 0.5015625 0.4484375 0.5015625 0.46875
0 0.5453125 0.4453125 0.5953125 0.4453125 0.5953125 0.4265625 0.5453125 0.4265625 0.5453125 0.4453125
0 0.5109375 0.3734375 0.5546875 0.3734375 0.5546875 0.340625 0.5109375 0.340625 0.5109375 0.3734375
0 0.4125 0.4546875 0.440625 0.4546875 0.440625 0.4234375 0.4125 0.4234375 0.4125 0.4546875
0 0.371875 0.4171875 0.403125 0.4171875 0.403125 0.3953125 0.371875 0.3953125 0.371875 0.4171875
0 0.28125 0.4578125 0.325 0.4578125 0.325 0.434375 0.28125 0.434375 0.28125 0.4578125