0 0.7 0.484375 0.7265625 0.484375 0.7265625 0.446875 0.7 0.446875 0.7 0.484375
0 0.603125 0.7328125 0.6359375 0.7328125 0.6359375 0.7015625 0.603125 0.7015625 0.603125 0.7328125
0 0.6171875 0.478125 0.6375 0.478125 0.6375 0.4296875 0.6171875 0.4296875 0.6171875 0.478125
0 0.6359375 0.43125 0.6640625 0.43125 0.6640625 0.3953125 0.6359375 0.3953125 0.6359375 0.43125
0 0.5734375 0.3765625 0.6015625 0.3765625 0.6015625 0.325 0.5734375 0.325 0.5734375 0.3765625
0 0.53125 0.4109375 0.5671875 0.4109375 0.5671875 0.384375 0.53125 0.384375 0.53125 0.4109375
0 0.4984375 0.5421875 0.5234375 0.5421875 0.5234375 0.5 0.4984375 0.5 0.4984375 0.5421875
0 0.465625 0.63125 0.4953125 0.63125 0.4953125 0.5921875 0.465625 0.5921875 0.465625 0.63125
0 0.4578125 0.6578125 0.49375 0.6578125 0.49375 0.6328125 0.4578125 0.6328125 0.4578125 0.6578125
0 0.36875 0.78125 0.4078125 0.78125 0.4078125 0.75 0.36875 0.75 0.36875 0.78125
0 0.3625 0.5625 0.3828125 0.5625 0.3828125 0.50625 0.3625 0.50625 0.3625 0.5625
0 0.3375 0.4984375 0.3578125 0.4984375 0.3578125 0.4734375 0.3375 0.4734375 0.3375 0.4984375
0 0.45625 0.5421875 0.4765625 0.5421875 0.4765625 0.5 0.45625 0.5 0.45625 0.5421875
0 0.4421875 0.471875 0.4640625 0.471875 0.4640625 0.428125 0.4421875 0.428125 0.4421875 0.471875
0 0.45 0.415625 0.4921875 0.415625 0.4921875 0.378125 0.45 0.378125 0.45 0.415625
0 0.4484375 0.334375 0.48125 0.334375 0.48125 0.296875 0.4484375 0.296875 0.4484375 0.334375