0 0.63125 0.3140625 0.65625 0.3140625 0.65625 0.284375 0.63125 0.284375 0.63125 0.3140625
0 0.68125 0.5828125 0.7140625 0.5828125 0.7140625 0.55 0.68125 0.55 0.68125 0.5828125
0 0.609375 0.7109375 0.65 0.7109375 0.65 0.66875 0.609375 0.66875 0.609375 0.7109375
0 0.5390625 0.603125 0.5859375 0.603125 0.5859375 0.559375 0.5390625 0.559375 0.5390625 0.603125
0 0.60625 0.559375 0.6265625 0.559375 0.6265625 0.515625 0.60625 0.515625 0.60625 0.559375
0 0.6265625 0.51875 0.65 0.51875 0.65 0.4859375 0.6265625 0.4859375 0.6265625 0.51875
0 0.5640625 0.5375 0.590625 0.5375 0.590625 0.509375 0.5640625 0.509375 0.5640625 0.5375
0 0.6234375 0.4578125 0.6453125 0.4578125 0.6453125 0.409375 0.6234375 0.409375 0.6234375 0.4578125
0 0.5765625 0.4359375 0.596875 0.4359375 0.596875 0.403125 0.5765625 0.403125 0.5765625 0.4359375
0 0.521875 0.5125 0.546875 0.5125 0.546875 0.4671875 0.521875 0.4671875 0.521875 0.5125
0 0.5078125 0.58125 0.53125 0.58125 0.53125 0.528125 0.5078125 0.528125 0.5078125 0.58125
0 0.478125 0.584375 0.4953125 0.584375 0.4953125 0.546875 0.478125 0.546875 0.478125 0.584375
0 0.5140625 0.3625 0.5390625 0.3625 0.5390625 0.3265625 0.5140625 0.3265625 0.5140625 0.3625
0 0.4609375 0.378125 0.4859375 0.378125 0.4859375 0.346875 0.4609375 0.346875 0.4609375 0.378125
0 0.4234375 0.346875 0.4453125 0.346875 0.4453125 0.3078125 0.4234375 0.3078125 0.4234375 0.346875
0 0.4015625 0.415625 0.428125 0.415625 0.428125 0.38125 0.4015625 0.38125 0.4015625 0.415625
0 0.3484375 0.3875 0.3640625 0.3875 0.3640625 0.35 0.3484375 0.35 0.3484375 0.3875
0 0.4375 0.4875 0.4578125 0.4875 0.4578125 0.45 0.4375 0.45 0.4375 0.4875
0 0.3796875 0.4546875 0.40625 0.4546875 0.40625 0.425 0.3796875 0.425 0.3796875 0.4546875
0 0.3484375 0.459375 0.36875 0.459375 0.36875 0.4359375 0.3484375 0.4359375 0.3484375 0.459375
0 0.421875 0.5671875 0.44375 0.5671875 0.44375 0.5296875 0.421875 0.5296875 0.421875 0.5671875
0 0.3546875 0.590625 0.375 0.590625 0.375 0.5421875 0.3546875 0.5421875 0.3546875 0.590625
0 0.390625 0.68125 0.4125 0.68125 0.4125 0.640625 0.390625 0.640625 0.390625 0.68125
0 0.3421875 0.6421875 0.3625 0.6421875 0.3625 0.6046875 0.3421875 0.6046875 0.3421875 0.6421875
0 0.3234375 0.7 0.353125 0.7 0.353125 0.6703125 0.3234375 0.6703125 0.3234375 0.7