0 0.2484375 0.4703125 0.2953125 0.4703125 0.2953125 0.4375 0.2484375 0.4375 0.2484375 0.4703125
0 0.271875 0.5515625 0.30625 0.5515625 0.30625 0.5265625 0.271875 0.5265625 0.271875 0.5515625
0 0.3640625 0.615625 0.3890625 0.615625 0.3890625 0.5875 0.3640625 0.5875 0.3640625 0.615625
0 0.4203125 0.6734375 0.4453125 0.6734375 0.4453125 0.6515625 0.4203125 0.6515625 0.4203125 0.6734375
0 0.453125 0.65 0.478125 0.65 0.478125 0.634375 0.453125 0.634375 0.453125 0.65
0 0.6265625 0.6640625 0.6703125 0.6640625 0.6703125 0.6421875 0.6265625 0.6421875 0.6265625 0.6640625
0 0.68125 0.6375 0.7234375 0.6375 0.7234375 0.590625 0.68125 0.590625 0.68125 0.6375
0 0.6734375 0.659375 0.7234375 0.659375 0.7234375 0.6421875 0.6734375 0.6421875 0.6734375 0.659375
0 0.7203125 0.55 0.7453125 0.55 0.7453125 0.528125 0.7203125 0.528125 0.7203125 0.55
0 0.684375 0.58125 0.70625 0.58125 0.70625 0.546875 0.684375 0.546875 0.684375 0.58125
0 0.6765625 0.503125 0.7203125 0.503125 0.7203125 0.4671875 0.6765625 0.4671875 0.6765625 0.503125
0 0.709375 0.465625 0.73125 0.465625 0.73125 0.4375 0.709375 0.4375 0.709375 0.465625
0 0.7125 0.375 0.740625 0.375 0.740625 0.35625 0.7125 0.35625 0.7125 0.375
0 0.6890625 0.34375 0.7328125 0.34375 0.7328125 0.321875 0.6890625 0.321875 0.6890625 0.34375
0 0.675 0.425 0.703125 0.425 0.703125 0.4 0.675 0.4 0.675 0.425
0 0.646875 0.4 0.678125 0.4 0.678125 0.38125 0.646875 0.38125 0.646875 0.4
0 0.5734375 0.359375 0.6140625 0.359375 0.6140625 0.3296875 0.5734375 0.3296875 0.5734375 0.359375
0 0.5765625 0.378125 0.6109375 0.378125 0.6109375 0.3625 0.5765625 0.3625 0.5765625 0.378125
0 0.575 0.4234375 0.61875 0.4234375 0.61875 0.403125 0.575 0.403125 0.575 0.4234375
0 0.5484375 0.459375 0.5953125 0.459375 0.5953125 0.440625 0.5484375 0.440625 0.5484375 0.459375
0 0.525 0.4078125 0.571875 0.4078125 0.571875 0.3875 0.525 0.3875 0.525 0.4078125
0 0.4859375 0.34375 0.5140625 0.34375 0.5140625 0.3234375 0.4859375 0.3234375 0.4859375 0.34375
0 0.440625 0.3578125 0.4640625 0.3578125 0.4640625 0.3390625 0.440625 0.3390625 0.440625 0.3578125
0 0.4046875 0.371875 0.4421875 0.371875 0.4421875 0.353125 0.4046875 0.353125 0.4046875 0.371875
0 0.4625 0.4609375 0.496875 0.4609375 0.496875 0.4328125 0.4625 0.4328125 0.4625 0.4609375
0 0.390625 0.465625 0.415625 0.465625 0.415625 0.4421875 0.390625 0.4421875 0.390625 0.465625
0 0.365625 0.4484375 0.390625 0.4484375 0.390625 0.4296875 0.365625 0.4296875 0.365625 0.4484375
0 0.3453125 0.4140625 0.3828125 0.4140625 0.3828125 0.384375 0.3453125 0.384375 0.3453125 0.4140625
0 0.415625 0.6109375 0.4390625 0.6109375 0.4390625 0.5734375 0.415625 0.5734375 0.415625 0.6109375
0 0.425781809375 0.5740934828125 0.4540819765625 0.5999679203125 0.46960915937500003 0.5829850624999999 0.44130899218749997 0.557110625 0.425781809375 0.5740934828125