0 0.365625 0.4046875 0.390625 0.4046875 0.390625 0.3546875 0.365625 0.3546875 0.365625 0.4046875
0 0.4203125 0.43125 0.4609375 0.43125 0.4609375 0.396875 0.4203125 0.396875 0.4203125 0.43125
0 0.3609375 0.540625 0.396875 0.540625 0.396875 0.509375 0.3609375 0.509375 0.3609375 0.540625
0 0.3640625 0.6359375 0.3984375 0.6359375 0.3984375 0.6 0.3640625 0.6 0.3640625 0.6359375
0 0.38125 0.6953125 0.409375 0.6953125 0.409375 0.6703125 0.38125 0.6703125 0.38125 0.6953125
0 0.325 0.603125 0.3453125 0.603125 0.3453125 0.55625 0.325 0.55625 0.325 0.603125
0 0.2859375 0.5359375 0.3328125 0.5359375 0.3328125 0.5 0.2859375 0.5 0.2859375 0.5359375
0 0.3078125 0.740625 0.3453125 0.740625 0.3453125 0.7125 0.3078125 0.7125 0.3078125 0.740625
0 0.353125 0.746875 0.371875 0.746875 0.371875 0.721875 0.353125 0.721875 0.353125 0.746875
0 0.3765625 0.7484375 0.40625 0.7484375 0.40625 0.7109375 0.3765625 0.7109375 0.3765625 0.7484375
0 0.4859375 0.6796875 0.5046875 0.6796875 0.5046875 0.6453125 0.4859375 0.6453125 0.4859375 0.6796875
0 0.5953125 0.7375 0.61875 0.7375 0.61875 0.6828125 0.5953125 0.6828125 0.5953125 0.7375
0 0.48125 0.6421875 0.509375 0.6421875 0.509375 0.6140625 0.48125 0.6140625 0.48125 0.6421875
0 0.4703125 0.5953125 0.4984375 0.5953125 0.4984375 0.5671875 0.4703125 0.5671875 0.4703125 0.5953125
0 0.4875 0.5453125 0.51875 0.5453125 0.51875 0.5140625 0.4875 0.5140625 0.4875 0.5453125
0 0.5453125 0.553125 0.5828125 0.553125 0.5828125 0.521875 0.5453125 0.521875 0.5453125 0.553125
0 0.5609375 0.596875 0.5921875 0.596875 0.5921875 0.5625 0.5609375 0.5625 0.5609375 0.596875
0 0.6203125 0.6125 0.6359375 0.6125 0.6359375 0.5515625 0.6203125 0.5515625 0.6203125 0.6125
0 0.59375 0.6203125 0.6171875 0.6203125 0.6171875 0.5828125 0.59375 0.5828125 0.59375 0.6203125
0 0.578125 0.4609375 0.6015625 0.4609375 0.6015625 0.4328125 0.578125 0.4328125 0.578125 0.4609375
0 0.515625 0.409375 0.5375 0.409375 0.5375 0.384375 0.515625 0.384375 0.515625 0.409375
0 0.5171875 0.3828125 0.546875 0.3828125 0.546875 0.3484375 0.5171875 0.3484375 0.5171875 0.3828125
0 0.55 0.3921875 0.575 0.3921875 0.575 0.36875 0.55 0.36875 0.55 0.3921875
0 0.55 0.4234375 0.575 0.4234375 0.575 0.3890625 0.55 0.3890625 0.55 0.4234375