0 0.6984375 0.3265625 0.6671875 0.3265625 0.6671875 0.3609375 0.6984375 0.3609375 0.6984375 0.3265625
0 0.61875 0.3046875 0.590625 0.3046875 0.590625 0.3296875 0.61875 0.3296875 0.61875 0.3046875
0 0.7046875 0.4421875 0.6796875 0.4421875 0.6796875 0.465625 0.7046875 0.465625 0.7046875 0.4421875
0 0.7234375 0.5578125 0.6921875 0.5578125 0.6921875 0.5796875 0.7234375 0.5796875 0.7234375 0.5578125
0 0.5921875 0.4296875 0.553125 0.4296875 0.553125 0.465625 0.5921875 0.465625 0.5921875 0.4296875
0 0.565625 0.5984375 0.5296875 0.5984375 0.5296875 0.634375 0.565625 0.634375 0.565625 0.5984375
0 0.4515625 0.565625 0.4203125 0.565625 0.4203125 0.6109375 0.4515625 0.6109375 0.4515625 0.565625
0 0.465625 0.6390625 0.41875 0.6390625 0.41875 0.6578125 0.465625 0.6578125 0.465625 0.6390625
0 0.3359375 0.559375 0.2890625 0.559375 0.2890625 0.5890625 0.3359375 0.5890625 0.3359375 0.559375
0 0.446875 0.4265625 0.40625 0.4265625 0.40625 0.4578125 0.446875 0.4578125 0.446875 0.4265625
0 0.4921875 0.515625 0.4515625 0.515625 0.4515625 0.5390625 0.4921875 0.5390625 0.4921875 0.515625
0 0.5328125 0.496875 0.5015625 0.496875 0.5015625 0.534375 0.5328125 0.534375 0.5328125 0.496875
0 0.3625 0.3296875 0.3375 0.3296875 0.3375 0.3546875 0.3625 0.3546875 0.3625 0.3296875
0 0.3390625 0.31875 0.2953125 0.31875 0.2953125 0.35 0.3390625 0.35 0.3390625 0.31875