0 0.3375 0.453125 0.3625 0.453125 0.3625 0.40625 0.3375 0.40625 0.3375 0.453125
0 0.3734375 0.4234375 0.4015625 0.4234375 0.4015625 0.3765625 0.3734375 0.3765625 0.3734375 0.4234375
0 0.4265625 0.3453125 0.4515625 0.3453125 0.4515625 0.3171875 0.4265625 0.3171875 0.4265625 0.3453125
0 0.4453125 0.3109375 0.465625 0.3109375 0.465625 0.2734375 0.4453125 0.2734375 0.4453125 0.3109375
0 0.465625 0.3515625 0.49375 0.3515625 0.49375 0.3265625 0.465625 0.3265625 0.465625 0.3515625
0 0.4859375 0.315625 0.5140625 0.315625 0.5140625 0.278125 0.4859375 0.278125 0.4859375 0.315625
0 0.5 0.434375 0.525 0.434375 0.525 0.378125 0.5 0.378125 0.5 0.434375
0 0.2890625 0.65625 0.3171875 0.65625 0.3171875 0.63125 0.2890625 0.63125 0.2890625 0.65625
0 0.296875 0.696875 0.31875 0.696875 0.31875 0.671875 0.296875 0.671875 0.296875 0.696875
0 0.3328125 0.7015625 0.3640625 0.7015625 0.3640625 0.6640625 0.3328125 0.6640625 0.3328125 0.7015625
0 0.428125 0.659375 0.453125 0.659375 0.453125 0.628125 0.428125 0.628125 0.428125 0.659375
0 0.4421875 0.61875 0.4640625 0.61875 0.4640625 0.5875 0.4421875 0.5875 0.4421875 0.61875
0 0.4671875 0.58125 0.490625 0.58125 0.490625 0.55 0.4671875 0.55 0.4671875 0.58125
0 0.478125 0.6953125 0.496875 0.6953125 0.496875 0.6515625 0.478125 0.6515625 0.478125 0.6953125
0 0.5203125 0.684375 0.5359375 0.684375 0.5359375 0.65625 0.5203125 0.65625 0.5203125 0.684375
0 0.5125 0.5515625 0.55 0.5515625 0.55 0.5203125 0.5125 0.5203125 0.5125 0.5515625
0 0.5875 0.4953125 0.609375 0.4953125 0.609375 0.4546875 0.5875 0.4546875 0.5875 0.4953125
0 0.5703125 0.5484375 0.5890625 0.5484375 0.5890625 0.5140625 0.5703125 0.5140625 0.5703125 0.5484375
0 0.5875 0.578125 0.615625 0.578125 0.615625 0.534375 0.5875 0.534375 0.5875 0.578125
0 0.475 0.4953125 0.5125 0.4953125 0.5125 0.4609375 0.475 0.4609375 0.475 0.4953125
0 0.55 0.675 0.575 0.675 0.575 0.6625 0.55 0.6625 0.55 0.675
0 0.5671875 0.696875 0.5890625 0.696875 0.5890625 0.6734375 0.5671875 0.6734375 0.5671875 0.696875
0 0.59375 0.6828125 0.6171875 0.6828125 0.6171875 0.6609375 0.59375 0.6609375 0.59375 0.6828125
0 0.59375 0.6453125 0.61875 0.6453125 0.61875 0.621875 0.59375 0.621875 0.59375 0.6453125
0 0.5703125 0.6609375 0.5890625 0.6609375 0.5890625 0.6296875 0.5703125 0.6296875 0.5703125 0.6609375
0 0.6203125 0.6640625 0.6515625 0.6640625 0.6515625 0.6390625 0.6203125 0.6390625 0.6203125 0.6640625