0 0.425 0.634375 0.4 0.634375 0.4 0.6578125 0.425 0.6578125 0.425 0.634375
0 0.5515625 0.6234375 0.5171875 0.6234375 0.5171875 0.6515625 0.5515625 0.6515625 0.5515625 0.6234375
0 0.65 0.678125 0.6140625 0.678125 0.6140625 0.71875 0.65 0.71875 0.65 0.678125
0 0.73125 0.6890625 0.70625 0.6890625 0.70625 0.7234375 0.73125 0.7234375 0.73125 0.6890625
0 0.64375 0.6 0.6125 0.6 0.6125 0.63125 0.64375 0.63125 0.64375 0.6
0 0.725 0.590625 0.690625 0.590625 0.690625 0.621875 0.725 0.621875 0.725 0.590625
0 0.7078125 0.6484375 0.684375 0.6484375 0.684375 0.6921875 0.7078125 0.6921875 0.7078125 0.6484375
0 0.509375 0.534375 0.471875 0.534375 0.471875 0.571875 0.509375 0.571875 0.509375 0.534375
0 0.4328125 0.578125 0.4015625 0.578125 0.4015625 0.603125 0.4328125 0.603125 0.4328125 0.578125
0 0.3734375 0.5828125 0.3421875 0.5828125 0.3421875 0.6078125 0.3734375 0.6078125 0.3734375 0.5828125
0 0.39375 0.55625 0.35 0.55625 0.35 0.578125 0.39375 0.578125 0.39375 0.55625
0 0.415625 0.515625 0.384375 0.515625 0.384375 0.546875 0.415625 0.546875 0.415625 0.515625
0 0.4078125 0.4328125 0.3703125 0.4328125 0.3703125 0.45 0.4078125 0.45 0.4078125 0.4328125
0 0.6265625 0.5015625 0.5953125 0.5015625 0.5953125 0.5265625 0.6265625 0.5265625 0.6265625 0.5015625
0 0.6171875 0.446875 0.59375 0.446875 0.59375 0.465625 0.6171875 0.465625 0.6171875 0.446875
0 0.5921875 0.45 0.5515625 0.45 0.5515625 0.475 0.5921875 0.475 0.5921875 0.45
0 0.6796875 0.459375 0.6390625 0.459375 0.6390625 0.4875 0.6796875 0.4875 0.6796875 0.459375
0 0.7203125 0.4625 0.6859375 0.4625 0.6859375 0.4859375 0.7203125 0.4859375 0.7203125 0.4625
0 0.715625 0.3484375 0.684375 0.3484375 0.684375 0.3859375 0.715625 0.3859375 0.715625 0.3484375
0 0.6390625 0.3765625 0.6078125 0.3765625 0.6078125 0.4171875 0.6390625 0.4171875 0.6390625 0.3765625
0 0.6015625 0.3578125 0.5671875 0.3578125 0.5671875 0.38125 0.6015625 0.38125 0.6015625 0.3578125
0 0.4984375 0.375 0.4453125 0.375 0.4453125 0.3921875 0.4984375 0.3921875 0.4984375 0.375
0 0.4046875 0.3390625 0.3796875 0.3390625 0.3796875 0.3703125 0.4046875 0.3703125 0.4046875 0.3390625
0 0.4890625 0.3421875 0.4578125 0.3421875 0.4578125 0.3640625 0.4890625 0.3640625 0.4890625 0.3421875