0 0.2859375 0.36875 0.3140625 0.36875 0.3140625 0.34375 0.2859375 0.34375 0.2859375 0.36875
0 0.55 0.31875 0.584375 0.31875 0.584375 0.2859375 0.55 0.2859375 0.55 0.31875
0 0.66875 0.390625 0.7109375 0.390625 0.7109375 0.35 0.66875 0.35 0.66875 0.390625
0 0.559375 0.4609375 0.603125 0.4609375 0.603125 0.4140625 0.559375 0.4140625 0.559375 0.4609375
0 0.515625 0.3953125 0.559375 0.3953125 0.559375 0.375 0.515625 0.375 0.515625 0.3953125
0 0.4875 0.375 0.51875 0.375 0.51875 0.3515625 0.4875 0.3515625 0.4875 0.375
0 0.509375 0.4359375 0.5375 0.4359375 0.5375 0.4109375 0.509375 0.4109375 0.509375 0.4359375
0 0.4109375 0.378125 0.4578125 0.378125 0.4578125 0.35625 0.4109375 0.35625 0.4109375 0.378125
0 0.4046875 0.425 0.4359375 0.425 0.4359375 0.4046875 0.4046875 0.4046875 0.4046875 0.425
0 0.46875 0.478125 0.5125 0.478125 0.5125 0.453125 0.46875 0.453125 0.46875 0.478125
0 0.528125 0.4921875 0.58125 0.4921875 0.58125 0.46875 0.528125 0.46875 0.528125 0.4921875
0 0.546875 0.521875 0.584375 0.521875 0.584375 0.5046875 0.546875 0.5046875 0.546875 0.521875
0 0.3265625 0.4859375 0.3625 0.4859375 0.3625 0.4609375 0.3265625 0.4609375 0.3265625 0.4859375
0 0.346875 0.540625 0.378125 0.540625 0.378125 0.515625 0.346875 0.515625 0.346875 0.540625
0 0.3078125 0.5765625 0.346875 0.5765625 0.346875 0.5546875 0.3078125 0.5546875 0.3078125 0.5765625
0 0.38125 0.6 0.415625 0.6 0.415625 0.571875 0.38125 0.571875 0.38125 0.6
0 0.35 0.6515625 0.3875 0.6515625 0.3875 0.6359375 0.35 0.6359375 0.35 0.6515625
0 0.45 0.5625 0.4875 0.5625 0.4875 0.5421875 0.45 0.5421875 0.45 0.5625
0 0.4265625 0.6203125 0.4546875 0.6203125 0.4546875 0.5953125 0.4265625 0.5953125 0.4265625 0.6203125
0 0.4359375 0.6515625 0.4609375 0.6515625 0.4609375 0.6328125 0.4359375 0.6328125 0.4359375 0.6515625
0 0.5296875 0.578125 0.5671875 0.578125 0.5671875 0.55625 0.5296875 0.55625 0.5296875 0.578125
0 0.54375 0.6453125 0.590625 0.6453125 0.590625 0.6265625 0.54375 0.6265625 0.54375 0.6453125
0 0.640625 0.609375 0.68125 0.609375 0.68125 0.5875 0.640625 0.5875 0.640625 0.609375
0 0.6046875 0.659375 0.6421875 0.659375 0.6421875 0.6390625 0.6046875 0.6390625 0.6046875 0.659375
0 0.6703125 0.678125 0.7015625 0.678125 0.7015625 0.646875 0.6703125 0.646875 0.6703125 0.678125