0 0.7046875 0.5671875 0.7265625 0.5671875 0.7265625 0.509375 0.7046875 0.509375 0.7046875 0.5671875
0 0.6875 0.621875 0.70625 0.621875 0.70625 0.5828125 0.6875 0.5828125 0.6875 0.621875
0 0.325 0.3203125 0.3453125 0.3203125 0.3453125 0.2796875 0.325 0.2796875 0.325 0.3203125
0 0.31875 0.396875 0.3421875 0.396875 0.3421875 0.35625 0.31875 0.35625 0.31875 0.396875
0 0.3203125 0.534375 0.340625 0.534375 0.340625 0.490625 0.3203125 0.490625 0.3203125 0.534375
0 0.4296875 0.625 0.4578125 0.625 0.4578125 0.6 0.4296875 0.6 0.4296875 0.625
0 0.5109375 0.6265625 0.5375 0.6265625 0.5375 0.60625 0.5109375 0.60625 0.5109375 0.6265625
0 0.6140625 0.6109375 0.6296875 0.6109375 0.6296875 0.5734375 0.6140625 0.5734375 0.6140625 0.6109375
0 0.578125 0.525 0.59375 0.525 0.59375 0.484375 0.578125 0.484375 0.578125 0.525
0 0.571875 0.6015625 0.5890625 0.6015625 0.5890625 0.5625 0.571875 0.5625 0.571875 0.6015625
0 0.61875 0.4921875 0.6390625 0.4921875 0.6390625 0.4640625 0.61875 0.4640625 0.61875 0.4921875
0 0.6234375 0.53125 0.64375 0.53125 0.64375 0.496875 0.6234375 0.496875 0.6234375 0.53125
0 0.628125 0.3734375 0.65 0.3734375 0.65 0.3296875 0.628125 0.3296875 0.628125 0.3734375
0 0.6484375 0.340625 0.66875 0.340625 0.66875 0.303125 0.6484375 0.303125 0.6484375 0.340625
0 0.703125 0.303125 0.728125 0.303125 0.728125 0.2640625 0.703125 0.2640625 0.703125 0.303125
0 0.6921875 0.33125 0.7171875 0.33125 0.7171875 0.303125 0.6921875 0.303125 0.6921875 0.33125
0 0.703125 0.35625 0.7359375 0.35625 0.7359375 0.33125 0.703125 0.33125 0.703125 0.35625
0 0.43125 0.328125 0.4609375 0.328125 0.4609375 0.2890625 0.43125 0.2890625 0.43125 0.328125
0 0.4578125 0.3703125 0.4875 0.3703125 0.4875 0.3296875 0.4578125 0.3296875 0.4578125 0.3703125
0 0.44375 0.440625 0.46875 0.440625 0.46875 0.396875 0.44375 0.396875 0.44375 0.440625
0 0.446875 0.4921875 0.4640625 0.4921875 0.4640625 0.4578125 0.446875 0.4578125 0.446875 0.4921875
0 0.2934030734375 0.5877992609375 0.3298719921875 0.6111384203125 0.3397248953125 0.5957426328125 0.303255978125 0.5724034734375001 0.2934030734375 0.5877992609375
0 0.2818708046875 0.6042084765625 0.3106483515625 0.626691846875 0.3219516171875 0.6122242531250001 0.2931740703125 0.5897408828125 0.2818708046875 0.6042084765625