0 0.73125 0.4765625 0.709375 0.4765625 0.709375 0.5109375 0.73125 0.5109375 0.73125 0.4765625
0 0.728125 0.4296875 0.6921875 0.4296875 0.6921875 0.4609375 0.728125 0.4609375 0.728125 0.4296875
0 0.7 0.3953125 0.66875 0.3953125 0.66875 0.4234375 0.7 0.4234375 0.7 0.3953125
0 0.3984375 0.290625 0.371875 0.290625 0.371875 0.34375 0.3984375 0.34375 0.3984375 0.290625
0 0.328125 0.3171875 0.3078125 0.3171875 0.3078125 0.35625 0.328125 0.35625 0.328125 0.3171875
0 0.34375 0.4046875 0.3234375 0.4046875 0.3234375 0.43125 0.34375 0.43125 0.34375 0.4046875
0 0.3953125 0.4515625 0.36875 0.4515625 0.36875 0.4734375 0.3953125 0.4734375 0.3953125 0.4515625
0 0.4171875 0.4078125 0.3921875 0.4078125 0.3921875 0.4421875 0.4171875 0.4421875 0.4171875 0.4078125
0 0.3578125 0.440625 0.3296875 0.440625 0.3296875 0.475 0.3578125 0.475 0.3578125 0.440625
0 0.6203125 0.43125 0.5875 0.43125 0.5875 0.484375 0.6203125 0.484375 0.6203125 0.43125
0 0.5671875 0.4484375 0.540625 0.4484375 0.540625 0.4953125 0.5671875 0.4953125 0.5671875 0.4484375
0 0.5375 0.45 0.521875 0.45 0.521875 0.4796875 0.5375 0.4796875 0.5375 0.45
0 0.503125 0.428125 0.475 0.428125 0.475 0.4640625 0.503125 0.4640625 0.503125 0.428125
0 0.384375 0.4953125 0.359375 0.4953125 0.359375 0.534375 0.384375 0.534375 0.384375 0.4953125
0 0.43125 0.5015625 0.40625 0.5015625 0.40625 0.5390625 0.43125 0.5390625 0.43125 0.5015625
0 0.390625 0.5546875 0.3546875 0.5546875 0.3546875 0.5828125 0.390625 0.5828125 0.390625 0.5546875
0 0.353125 0.6515625 0.309375 0.6515625 0.309375 0.684375 0.353125 0.684375 0.353125 0.6515625
0 0.390625 0.6640625 0.3578125 0.6640625 0.3578125 0.709375 0.390625 0.709375 0.390625 0.6640625
0 0.4578125 0.634375 0.440625 0.634375 0.440625 0.6625 0.4578125 0.6625 0.4578125 0.634375
0 0.5015625 0.6 0.475 0.6 0.475 0.646875 0.5015625 0.646875 0.5015625 0.6
0 0.4921875 0.659375 0.471875 0.659375 0.471875 0.690625 0.4921875 0.690625 0.4921875 0.659375
0 0.53125 0.653125 0.5109375 0.653125 0.5109375 0.6890625 0.53125 0.6890625 0.53125 0.653125
0 0.54375 0.7015625 0.525 0.7015625 0.525 0.7390625 0.54375 0.7390625 0.54375 0.7015625
0 0.690625 0.6765625 0.6609375 0.6765625 0.6609375 0.7203125 0.690625 0.7203125 0.690625 0.6765625
0 0.6609375 0.7125 0.6359375 0.7125 0.6359375 0.7484375 0.6609375 0.7484375 0.6609375 0.7125
0 0.6359375 0.6546875 0.6078125 0.6546875 0.6078125 0.6984375 0.6359375 0.6984375 0.6359375 0.6546875
0 0.578125 0.66875 0.546875 0.66875 0.546875 0.709375 0.578125 0.709375 0.578125 0.66875