0 0.2828125 0.284375 0.3109375 0.284375 0.3109375 0.2484375 0.2828125 0.2484375 0.2828125 0.284375
0 0.378125 0.29375 0.4125 0.29375 0.4125 0.253125 0.378125 0.253125 0.378125 0.29375
0 0.384375 0.2359375 0.425 0.2359375 0.425 0.1953125 0.384375 0.1953125 0.384375 0.2359375
0 0.35 0.525 0.38125 0.525 0.38125 0.490625 0.35 0.490625 0.35 0.525
0 0.3828125 0.4515625 0.4140625 0.4515625 0.4140625 0.4171875 0.3828125 0.4171875 0.3828125 0.4515625
0 0.4375 0.3859375 0.465625 0.3859375 0.465625 0.3578125 0.4375 0.3578125 0.4375 0.3859375
0 0.43125 0.4515625 0.45 0.4515625 0.45 0.415625 0.43125 0.415625 0.43125 0.4515625
0 0.4578125 0.496875 0.4796875 0.496875 0.4796875 0.4625 0.4578125 0.4625 0.4578125 0.496875
0 0.5265625 0.46875 0.5515625 0.46875 0.5515625 0.4296875 0.5265625 0.4296875 0.5265625 0.46875
0 0.4921875 0.3296875 0.5234375 0.3296875 0.5234375 0.30625 0.4921875 0.30625 0.4921875 0.3296875
0 0.38125 0.7203125 0.4125 0.7203125 0.4125 0.6765625 0.38125 0.6765625 0.38125 0.7203125
0 0.4546875 0.7046875 0.4765625 0.7046875 0.4765625 0.6609375 0.4546875 0.6609375 0.4546875 0.7046875
0 0.515625 0.69375 0.53125 0.69375 0.53125 0.6375 0.515625 0.6375 0.515625 0.69375
0 0.5515625 0.690625 0.575 0.690625 0.575 0.6546875 0.5515625 0.6546875 0.5515625 0.690625
0 0.4890625 0.1984375 0.5171875 0.1984375 0.5171875 0.1703125 0.4890625 0.1703125 0.4890625 0.1984375
0 0.509375 0.234375 0.54375 0.234375 0.54375 0.196875 0.509375 0.196875 0.509375 0.234375
0 0.5546875 0.2078125 0.5734375 0.2078125 0.5734375 0.1734375 0.5546875 0.1734375 0.5546875 0.2078125
0 0.55 0.30625 0.56875 0.30625 0.56875 0.271875 0.55 0.271875 0.55 0.30625
0 0.578125 0.2765625 0.5984375 0.2765625 0.5984375 0.240625 0.578125 0.240625 0.578125 0.2765625
0 0.63125 0.3765625 0.65625 0.3765625 0.65625 0.3421875 0.63125 0.3421875 0.63125 0.3765625
0 0.665625 0.365625 0.696875 0.365625 0.696875 0.3296875 0.665625 0.3296875 0.665625 0.365625
0 0.6671875 0.2984375 0.6953125 0.2984375 0.6953125 0.2703125 0.6671875 0.2703125 0.6671875 0.2984375
0 0.6515625 0.265625 0.6765625 0.265625 0.6765625 0.23125 0.6515625 0.23125 0.6515625 0.265625