0 0.3109375 0.746875 0.2859375 0.746875 0.2859375 0.7765625 0.3109375 0.7765625 0.3109375 0.746875
0 0.5703125 0.7078125 0.53125 0.7078125 0.53125 0.7296875 0.5703125 0.7296875 0.5703125 0.7078125
0 0.475 0.68125 0.44375 0.68125 0.44375 0.7109375 0.475 0.7109375 0.475 0.68125
0 0.4734375 0.65 0.43125 0.65 0.43125 0.68125 0.4734375 0.68125 0.4734375 0.65
0 0.4171875 0.6390625 0.3640625 0.6390625 0.3640625 0.6578125 0.4171875 0.6578125 0.4171875 0.6390625
0 0.490625 0.6125 0.453125 0.6125 0.453125 0.6421875 0.490625 0.6421875 0.490625 0.6125
0 0.4421875 0.5203125 0.403125 0.5203125 0.403125 0.5390625 0.4421875 0.5390625 0.4421875 0.5203125
0 0.475 0.390625 0.421875 0.390625 0.421875 0.415625 0.475 0.415625 0.475 0.390625
0 0.5140625 0.3328125 0.4828125 0.3328125 0.4828125 0.3609375 0.5140625 0.3609375 0.5140625 0.3328125
0 0.4921875 0.271875 0.453125 0.271875 0.453125 0.3 0.4921875 0.3 0.4921875 0.271875
0 0.328125 0.3578125 0.284375 0.3578125 0.284375 0.3859375 0.328125 0.3859375 0.328125 0.3578125
0 0.28125 0.3625 0.2453125 0.3625 0.2453125 0.390625 0.28125 0.390625 0.28125 0.3625
0 0.2671875 0.334375 0.2359375 0.334375 0.2359375 0.3578125 0.2671875 0.3578125 0.2671875 0.334375
0 0.3171875 0.3140625 0.2734375 0.3140625 0.2734375 0.3484375 0.3171875 0.3484375 0.3171875 0.3140625