0 0.4390625 0.6671875 0.4015625 0.6671875 0.4015625 0.6890625 0.4390625 0.6890625 0.4390625 0.6671875
0 0.390625 0.64375 0.346875 0.64375 0.346875 0.66875 0.390625 0.66875 0.390625 0.64375
0 0.34375 0.6296875 0.309375 0.6296875 0.309375 0.6609375 0.34375 0.6609375 0.34375 0.6296875
0 0.378125 0.5421875 0.34375 0.5421875 0.34375 0.5703125 0.378125 0.5703125 0.378125 0.5421875
0 0.4984375 0.528125 0.4546875 0.528125 0.4546875 0.55 0.4984375 0.55 0.4984375 0.528125
0 0.53125 0.5546875 0.5 0.5546875 0.5 0.5921875 0.53125 0.5921875 0.53125 0.5546875
0 0.66875 0.5734375 0.6265625 0.5734375 0.6265625 0.596875 0.66875 0.596875 0.66875 0.5734375
0 0.6859375 0.5421875 0.64375 0.5421875 0.64375 0.5734375 0.6859375 0.5734375 0.6859375 0.5421875
0 0.6765625 0.621875 0.6453125 0.621875 0.6453125 0.64375 0.6765625 0.64375 0.6765625 0.621875
0 0.7 0.646875 0.6578125 0.646875 0.6578125 0.6671875 0.7 0.6671875 0.7 0.646875
0 0.7203125 0.6953125 0.6640625 0.6953125 0.6640625 0.7140625 0.7203125 0.7140625 0.7203125 0.6953125
0 0.6640625 0.709375 0.6328125 0.709375 0.6328125 0.725 0.6640625 0.725 0.6640625 0.709375
0 0.75 0.6453125 0.721875 0.6453125 0.721875 0.6625 0.75 0.6625 0.75 0.6453125
0 0.74375 0.6203125 0.715625 0.6203125 0.715625 0.6453125 0.74375 0.6453125 0.74375 0.6203125
0 0.615625 0.3890625 0.571875 0.3890625 0.571875 0.409375 0.615625 0.409375 0.615625 0.3890625
0 0.5765625 0.36875 0.5421875 0.36875 0.5421875 0.39375 0.5765625 0.39375 0.5765625 0.36875
0 0.5390625 0.328125 0.5109375 0.328125 0.5109375 0.36875 0.5390625 0.36875 0.5390625 0.328125
0 0.521875 0.421875 0.49375 0.421875 0.49375 0.4390625 0.521875 0.4390625 0.521875 0.421875
0 0.4984375 0.440625 0.4625 0.440625 0.4625 0.465625 0.4984375 0.465625 0.4984375 0.440625
0 0.3765625 0.3578125 0.3421875 0.3578125 0.3421875 0.3796875 0.3765625 0.3796875 0.3765625 0.3578125