0 0.6328125 0.615625 0.6515625 0.615625 0.6515625 0.5890625 0.6328125 0.5890625 0.6328125 0.615625
0 0.609375 0.6484375 0.6328125 0.6484375 0.6328125 0.6234375 0.609375 0.6234375 0.609375 0.6484375
0 0.5546875 0.528125 0.571875 0.528125 0.571875 0.4875 0.5546875 0.4875 0.5546875 0.528125
0 0.4359375 0.6359375 0.46875 0.6359375 0.46875 0.5953125 0.4359375 0.5953125 0.4359375 0.6359375
0 0.3390625 0.5921875 0.359375 0.5921875 0.359375 0.525 0.3390625 0.525 0.3390625 0.5921875
0 0.3421875 0.65 0.3625 0.65 0.3625 0.603125 0.3421875 0.603125 0.3421875 0.65
0 0.5265625 0.43125 0.5515625 0.43125 0.5515625 0.3953125 0.5265625 0.3953125 0.5265625 0.43125
0 0.6765625 0.4 0.6921875 0.4 0.6921875 0.375 0.6765625 0.375 0.6765625 0.4
0 0.678125 0.3640625 0.696875 0.3640625 0.696875 0.3375 0.678125 0.3375 0.678125 0.3640625
0 0.5734375 0.3 0.5859375 0.3 0.5859375 0.2640625 0.5734375 0.2640625 0.5734375 0.3
0 0.5328125 0.2953125 0.5625 0.2953125 0.5625 0.2546875 0.5328125 0.2546875 0.5328125 0.2953125
0 0.453125 0.3796875 0.49375 0.3796875 0.49375 0.3453125 0.453125 0.3453125 0.453125 0.3796875
0 0.4234375 0.3015625 0.45625 0.3015625 0.45625 0.2765625 0.4234375 0.2765625 0.4234375 0.3015625
0 0.403125 0.334375 0.4265625 0.334375 0.4265625 0.290625 0.403125 0.290625 0.403125 0.334375