0 0.6953125 0.6640625 0.7484375 0.6640625 0.7484375 0.6453125 0.6953125 0.6453125 0.6953125 0.6640625
0 0.6703125 0.5515625 0.7015625 0.5515625 0.7015625 0.5140625 0.6703125 0.5140625 0.6703125 0.5515625
0 0.6765625 0.353125 0.7265625 0.353125 0.7265625 0.3234375 0.6765625 0.3234375 0.6765625 0.353125
0 0.6484375 0.2984375 0.6828125 0.2984375 0.6828125 0.2703125 0.6484375 0.2703125 0.6484375 0.2984375
0 0.5015625 0.271875 0.5328125 0.271875 0.5328125 0.246875 0.5015625 0.246875 0.5015625 0.271875
0 0.421875 0.275 0.45 0.275 0.45 0.259375 0.421875 0.259375 0.421875 0.275
0 0.3921875 0.2734375 0.4203125 0.2734375 0.4203125 0.2546875 0.3921875 0.2546875 0.3921875 0.2734375
0 0.40625 0.3125 0.446875 0.3125 0.446875 0.29375 0.40625 0.29375 0.40625 0.3125
0 0.465625 0.3421875 0.5 0.3421875 0.5 0.3203125 0.465625 0.3203125 0.465625 0.3421875
0 0.5703125 0.3828125 0.5984375 0.3828125 0.5984375 0.3609375 0.5703125 0.3609375 0.5703125 0.3828125
0 0.3953125 0.41875 0.434375 0.41875 0.434375 0.39375 0.3953125 0.39375 0.3953125 0.41875
0 0.275 0.39375 0.3109375 0.39375 0.3109375 0.375 0.275 0.375 0.275 0.39375
0 0.21875 0.3765625 0.271875 0.3765625 0.271875 0.3546875 0.21875 0.3546875 0.21875 0.3765625
0 0.2984375 0.45 0.3390625 0.45 0.3390625 0.428125 0.2984375 0.428125 0.2984375 0.45
0 0.38125 0.5296875 0.4046875 0.5296875 0.4046875 0.49375 0.38125 0.49375 0.38125 0.5296875
0 0.45625 0.4359375 0.484375 0.4359375 0.484375 0.4140625 0.45625 0.4140625 0.45625 0.4359375
0 0.51875 0.4640625 0.5546875 0.4640625 0.5546875 0.440625 0.51875 0.440625 0.51875 0.4640625
0 0.5546875 0.4953125 0.6046875 0.4953125 0.6046875 0.4734375 0.5546875 0.4734375 0.5546875 0.4953125
0 0.56875 0.528125 0.603125 0.528125 0.603125 0.4984375 0.56875 0.4984375 0.56875 0.528125
0 0.4734375 0.5109375 0.5015625 0.5109375 0.5015625 0.4859375 0.4734375 0.4859375 0.4734375 0.5109375
0 0.453125 0.56875 0.4953125 0.56875 0.4953125 0.5375 0.453125 0.5375 0.453125 0.56875
0 0.478125 0.6203125 0.521875 0.6203125 0.521875 0.5875 0.478125 0.5875 0.478125 0.6203125
0 0.4296875 0.64375 0.471875 0.64375 0.471875 0.625 0.4296875 0.625 0.4296875 0.64375
0 0.38125 0.66875 0.41875 0.66875 0.41875 0.640625 0.38125 0.640625 0.38125 0.66875
0 0.3265625 0.684375 0.3640625 0.684375 0.3640625 0.665625 0.3265625 0.665625 0.3265625 0.684375
0 0.33125 0.7046875 0.3734375 0.7046875 0.3734375 0.6890625 0.33125 0.6890625 0.33125 0.7046875
0 0.275 0.6390625 0.309375 0.6390625 0.309375 0.6078125 0.275 0.6078125 0.275 0.6390625
0 0.2828125 0.59375 0.3140625 0.59375 0.3140625 0.56875 0.2828125 0.56875 0.2828125 0.59375
0 0.2796875 0.5015625 0.3171875 0.5015625 0.3171875 0.4796875 0.2796875 0.4796875 0.2796875 0.5015625