0 0.3015625 0.3609375 0.3328125 0.3609375 0.3328125 0.3265625 0.3015625 0.3265625 0.3015625 0.3609375
0 0.3828125 0.3296875 0.4109375 0.3296875 0.4109375 0.3046875 0.3828125 0.3046875 0.3828125 0.3296875
0 0.296875 0.465625 0.321875 0.465625 0.321875 0.4421875 0.296875 0.4421875 0.296875 0.465625
0 0.278125 0.5796875 0.309375 0.5796875 0.309375 0.5578125 0.278125 0.5578125 0.278125 0.5796875
0 0.4078125 0.465625 0.446875 0.465625 0.446875 0.4296875 0.4078125 0.4296875 0.4078125 0.465625
0 0.434375 0.634375 0.4703125 0.634375 0.4703125 0.5984375 0.434375 0.5984375 0.434375 0.634375
0 0.55 0.6109375 0.58125 0.6109375 0.58125 0.565625 0.55 0.565625 0.55 0.6109375
0 0.534375 0.6578125 0.58125 0.6578125 0.58125 0.6390625 0.534375 0.6390625 0.534375 0.6578125
0 0.6640625 0.5890625 0.7109375 0.5890625 0.7109375 0.559375 0.6640625 0.559375 0.6640625 0.5890625
0 0.5546875 0.4578125 0.5953125 0.4578125 0.5953125 0.4265625 0.5546875 0.4265625 0.5546875 0.4578125
0 0.5078125 0.5390625 0.5484375 0.5390625 0.5484375 0.515625 0.5078125 0.515625 0.5078125 0.5390625
0 0.46875 0.534375 0.5 0.534375 0.5 0.496875 0.46875 0.496875 0.46875 0.534375
0 0.6375 0.3546875 0.6625 0.3546875 0.6625 0.3296875 0.6375 0.3296875 0.6375 0.3546875
0 0.6609375 0.35 0.7046875 0.35 0.7046875 0.31875 0.6609375 0.31875 0.6609375 0.35