0 0.6484375 0.334375 0.6203125 0.334375 0.6203125 0.365625 0.6484375 0.365625 0.6484375 0.334375
0 0.6140625 0.265625 0.5828125 0.265625 0.5828125 0.296875 0.6140625 0.296875 0.6140625 0.265625
0 0.5734375 0.26875 0.5390625 0.26875 0.5390625 0.29375 0.5734375 0.29375 0.5734375 0.26875
0 0.3015625 0.25625 0.2578125 0.25625 0.2578125 0.2921875 0.3015625 0.2921875 0.3015625 0.25625
0 0.4734375 0.3203125 0.4375 0.3203125 0.4375 0.3578125 0.4734375 0.3578125 0.4734375 0.3203125
0 0.5140625 0.403125 0.4703125 0.403125 0.4703125 0.425 0.5140625 0.425 0.5140625 0.403125
0 0.3375 0.371875 0.2875 0.371875 0.2875 0.403125 0.3375 0.403125 0.3375 0.371875
0 0.49375 0.2484375 0.459375 0.2484375 0.459375 0.2859375 0.49375 0.2859375 0.49375 0.2484375
0 0.375 0.4796875 0.3125 0.4796875 0.3125 0.4984375 0.375 0.4984375 0.375 0.4796875
0 0.49375 0.4671875 0.4625 0.4671875 0.4625 0.5 0.49375 0.5 0.49375 0.4671875
0 0.5453125 0.4796875 0.509375 0.4796875 0.509375 0.515625 0.5453125 0.515625 0.5453125 0.4796875
0 0.5453125 0.54375 0.4984375 0.54375 0.4984375 0.565625 0.5453125 0.565625 0.5453125 0.54375
0 0.3171875 0.50625 0.2765625 0.50625 0.2765625 0.525 0.3171875 0.525 0.3171875 0.50625
0 0.3609375 0.5546875 0.325 0.5546875 0.325 0.5796875 0.3609375 0.5796875 0.3609375 0.5546875
0 0.525 0.584375 0.4890625 0.584375 0.4890625 0.621875 0.525 0.621875 0.525 0.584375
0 0.6046875 0.6078125 0.5765625 0.6078125 0.5765625 0.6265625 0.6046875 0.6265625 0.6046875 0.6078125
0 0.5296875 0.65625 0.4984375 0.65625 0.4984375 0.6796875 0.5296875 0.6796875 0.5296875 0.65625
0 0.409375 0.596875 0.365625 0.596875 0.365625 0.6203125 0.409375 0.6203125 0.409375 0.596875
0 0.3578125 0.603125 0.3203125 0.603125 0.3203125 0.6265625 0.3578125 0.6265625 0.3578125 0.603125
0 0.3078125 0.58125 0.2703125 0.58125 0.2703125 0.5984375 0.3078125 0.5984375 0.3078125 0.58125
0 0.325 0.675 0.3015625 0.675 0.3015625 0.7046875 0.325 0.7046875 0.325 0.675
0 0.340625 0.709375 0.30625 0.709375 0.30625 0.734375 0.340625 0.734375 0.340625 0.709375
0 0.428125 0.7078125 0.39375 0.7078125 0.39375 0.7328125 0.428125 0.7328125 0.428125 0.7078125
0 0.4921875 0.6953125 0.4546875 0.6953125 0.4546875 0.7078125 0.4921875 0.7078125 0.4921875 0.6953125
0 0.54375 0.7234375 0.51875 0.7234375 0.51875 0.7578125 0.54375 0.7578125 0.54375 0.7234375
0 0.6375 0.7109375 0.5984375 0.7109375 0.5984375 0.73125 0.6375 0.73125 0.6375 0.7109375