0 0.6796875 0.6234375 0.6984375 0.6234375 0.6984375 0.5890625 0.6796875 0.5890625 0.6796875 0.6234375
0 0.6625 0.7609375 0.684375 0.7609375 0.684375 0.7140625 0.6625 0.7140625 0.6625 0.7609375
0 0.6484375 0.615625 0.665625 0.615625 0.665625 0.565625 0.6484375 0.565625 0.6484375 0.615625
0 0.625 0.603125 0.64375 0.603125 0.64375 0.5609375 0.625 0.5609375 0.625 0.603125
0 0.6375 0.4625 0.671875 0.4625 0.671875 0.428125 0.6375 0.428125 0.6375 0.4625
0 0.665625 0.43125 0.6875 0.43125 0.6875 0.4 0.665625 0.4 0.665625 0.43125
0 0.525 0.35 0.54375 0.35 0.54375 0.30625 0.525 0.30625 0.525 0.35
0 0.5453125 0.621875 0.5703125 0.621875 0.5703125 0.5796875 0.5453125 0.5796875 0.5453125 0.621875
0 0.5015625 0.5640625 0.53125 0.5640625 0.53125 0.5296875 0.5015625 0.5296875 0.5015625 0.5640625
0 0.4125 0.5578125 0.4421875 0.5578125 0.4421875 0.5265625 0.4125 0.5265625 0.4125 0.5578125
0 0.446875 0.6421875 0.465625 0.6421875 0.465625 0.6015625 0.446875 0.6015625 0.446875 0.6421875
0 0.4515625 0.7578125 0.4734375 0.7578125 0.4734375 0.7171875 0.4515625 0.7171875 0.4515625 0.7578125
0 0.4484375 0.4578125 0.4734375 0.4578125 0.4734375 0.4140625 0.4484375 0.4140625 0.4484375 0.4578125
0 0.475 0.4140625 0.4984375 0.4140625 0.4984375 0.384375 0.475 0.384375 0.475 0.4140625
0 0.484375 0.3828125 0.5125 0.3828125 0.5125 0.3265625 0.484375 0.3265625 0.484375 0.3828125
0 0.59375 0.3328125 0.6109375 0.3328125 0.6109375 0.2890625 0.59375 0.2890625 0.59375 0.3328125
0 0.409375 0.31875 0.4359375 0.31875 0.4359375 0.290625 0.409375 0.290625 0.409375 0.31875
0 0.35 0.3421875 0.3875 0.3421875 0.3875 0.3125 0.35 0.3125 0.35 0.3421875
0 0.6010518546875 0.35057900625 0.6165469859375 0.36596029531249996 0.648377521875 0.33389417187500003 0.6328823890625 0.3185128828125 0.6010518546875 0.35057900625