0 0.6296875 0.565625 0.6578125 0.565625 0.6578125 0.54375 0.6296875 0.54375 0.6296875 0.565625
0 0.61875 0.525 0.6484375 0.525 0.6484375 0.5015625 0.61875 0.5015625 0.61875 0.525
0 0.515625 0.3453125 0.553125 0.3453125 0.553125 0.31875 0.515625 0.31875 0.515625 0.3453125
0 0.578125 0.321875 0.609375 0.321875 0.609375 0.290625 0.578125 0.290625 0.578125 0.321875
0 0.64375 0.33125 0.6765625 0.33125 0.6765625 0.2859375 0.64375 0.2859375 0.64375 0.33125
0 0.61875 0.2828125 0.659375 0.2828125 0.659375 0.2484375 0.61875 0.2484375 0.61875 0.2828125
0 0.553125 0.228125 0.5765625 0.228125 0.5765625 0.1953125 0.553125 0.1953125 0.553125 0.228125
0 0.421875 0.2234375 0.4484375 0.2234375 0.4484375 0.1953125 0.421875 0.1953125 0.421875 0.2234375
0 0.378125 0.2625 0.39375 0.2625 0.39375 0.23125 0.378125 0.23125 0.378125 0.2625
0 0.2734375 0.28125 0.2953125 0.28125 0.2953125 0.2375 0.2734375 0.2375 0.2734375 0.28125
0 0.3046875 0.3140625 0.3375 0.3140625 0.3375 0.2921875 0.3046875 0.2921875 0.3046875 0.3140625
0 0.2765625 0.3984375 0.3 0.3984375 0.3 0.3640625 0.2765625 0.3640625 0.2765625 0.3984375
0 0.3140625 0.421875 0.3359375 0.421875 0.3359375 0.39375 0.3140625 0.39375 0.3140625 0.421875
0 0.3953125 0.434375 0.4171875 0.434375 0.4171875 0.3921875 0.3953125 0.3921875 0.3953125 0.434375
0 0.425 0.4828125 0.446875 0.4828125 0.446875 0.45625 0.425 0.45625 0.425 0.4828125
0 0.3890625 0.478125 0.4125 0.478125 0.4125 0.4515625 0.3890625 0.4515625 0.3890625 0.478125
0 0.384375 0.525 0.40625 0.525 0.40625 0.4890625 0.384375 0.4890625 0.384375 0.525
0 0.315625 0.5625 0.3390625 0.5625 0.3390625 0.5296875 0.315625 0.5296875 0.315625 0.5625
0 0.2640625 0.575 0.284375 0.575 0.284375 0.546875 0.2640625 0.546875 0.2640625 0.575