0 0.728125 0.578125 0.7609375 0.578125 0.7609375 0.534375 0.728125 0.534375 0.728125 0.578125
0 0.63125 0.6328125 0.653125 0.6328125 0.653125 0.5875 0.63125 0.5875 0.63125 0.6328125
0 0.5109375 0.671875 0.534375 0.671875 0.534375 0.6234375 0.5109375 0.6234375 0.5109375 0.671875
0 0.4265625 0.659375 0.459375 0.659375 0.459375 0.6078125 0.4265625 0.6078125 0.4265625 0.659375
0 0.35 0.68125 0.375 0.68125 0.375 0.6390625 0.35 0.6390625 0.35 0.68125
0 0.609375 0.5703125 0.640625 0.5703125 0.640625 0.54375 0.609375 0.54375 0.609375 0.5703125
0 0.621875 0.5046875 0.65 0.5046875 0.65 0.4640625 0.621875 0.4640625 0.621875 0.5046875
0 0.746875 0.66875 0.765625 0.66875 0.765625 0.6203125 0.746875 0.6203125 0.746875 0.66875
0 0.709375 0.61875 0.7375 0.61875 0.7375 0.5828125 0.709375 0.5828125 0.709375 0.61875
0 0.65 0.540625 0.665625 0.540625 0.665625 0.5046875 0.65 0.5046875 0.65 0.540625
0 0.7296875 0.4421875 0.7640625 0.4421875 0.7640625 0.415625 0.7296875 0.415625 0.7296875 0.4421875
0 0.6734375 0.440625 0.696875 0.440625 0.696875 0.4140625 0.6734375 0.4140625 0.6734375 0.440625
0 0.6421875 0.403125 0.6640625 0.403125 0.6640625 0.36875 0.6421875 0.36875 0.6421875 0.403125
0 0.7203125 0.3578125 0.740625 0.3578125 0.740625 0.3171875 0.7203125 0.3171875 0.7203125 0.3578125
0 0.675 0.334375 0.6984375 0.334375 0.6984375 0.303125 0.675 0.303125 0.675 0.334375
0 0.6046875 0.3046875 0.621875 0.3046875 0.621875 0.26875 0.6046875 0.26875 0.6046875 0.3046875
0 0.6421875 0.359375 0.6578125 0.359375 0.6578125 0.328125 0.6421875 0.328125 0.6421875 0.359375
0 0.6015625 0.35625 0.621875 0.35625 0.621875 0.3109375 0.6015625 0.3109375 0.6015625 0.35625
0 0.5734375 0.3859375 0.59375 0.3859375 0.59375 0.3375 0.5734375 0.3375 0.5734375 0.3859375
0 0.5015625 0.4453125 0.5234375 0.4453125 0.5234375 0.4 0.5015625 0.4 0.5015625 0.4453125
0 0.4609375 0.3546875 0.4890625 0.3546875 0.4890625 0.3203125 0.4609375 0.3203125 0.4609375 0.3546875
0 0.3640625 0.3515625 0.3953125 0.3515625 0.3953125 0.321875 0.3640625 0.321875 0.3640625 0.3515625
0 0.3921875 0.43125 0.4125 0.43125 0.4125 0.3921875 0.3921875 0.3921875 0.3921875 0.43125