0 0.3796875 0.66875 0.3484375 0.66875 0.3484375 0.7234375 0.3796875 0.7234375 0.3796875 0.66875
0 0.3625 0.5796875 0.34375 0.5796875 0.34375 0.6296875 0.3625 0.6296875 0.3625 0.5796875
0 0.3546875 0.484375 0.3125 0.484375 0.3125 0.5125 0.3546875 0.5125 0.3546875 0.484375
0 0.3734375 0.4375 0.3390625 0.4375 0.3390625 0.4609375 0.3734375 0.4609375 0.3734375 0.4375
0 0.425 0.3421875 0.390625 0.3421875 0.390625 0.3734375 0.425 0.3734375 0.425 0.3421875
0 0.4625 0.3484375 0.4421875 0.3484375 0.4421875 0.3984375 0.4625 0.3984375 0.4625 0.3484375
0 0.58125 0.3359375 0.5609375 0.3359375 0.5609375 0.3890625 0.58125 0.3890625 0.58125 0.3359375
0 0.578125 0.4671875 0.55625 0.4671875 0.55625 0.5328125 0.578125 0.5328125 0.578125 0.4671875
0 0.5109375 0.5296875 0.4875 0.5296875 0.4875 0.5671875 0.5109375 0.5671875 0.5109375 0.5296875
0 0.4984375 0.5984375 0.4578125 0.5984375 0.4578125 0.6453125 0.4984375 0.6453125 0.4984375 0.5984375
0 0.5953125 0.5546875 0.5765625 0.5546875 0.5765625 0.5859375 0.5953125 0.5859375 0.5953125 0.5546875
0 0.625 0.6546875 0.596875 0.6546875 0.596875 0.6796875 0.625 0.6796875 0.625 0.6546875
0 0.6609375 0.6890625 0.6359375 0.6890625 0.6359375 0.7171875 0.6609375 0.7171875 0.6609375 0.6890625
0 0.6609375 0.5921875 0.6359375 0.5921875 0.6359375 0.6296875 0.6609375 0.6296875 0.6609375 0.5921875
0 0.675 0.453125 0.6453125 0.453125 0.6453125 0.4875 0.675 0.4875 0.675 0.453125
0 0.4328125 0.671875 0.4109375 0.671875 0.4109375 0.7296875 0.4328125 0.7296875 0.4328125 0.671875