0 0.3359375 0.33125 0.3671875 0.33125 0.3671875 0.303125 0.3359375 0.303125 0.3359375 0.33125
0 0.3015625 0.4296875 0.325 0.4296875 0.325 0.4 0.3015625 0.4 0.3015625 0.4296875
0 0.5609375 0.3203125 0.6109375 0.3203125 0.6109375 0.3046875 0.5609375 0.3046875 0.5609375 0.3203125
0 0.521875 0.3484375 0.5640625 0.3484375 0.5640625 0.3203125 0.521875 0.3203125 0.521875 0.3484375
0 0.54375 0.375 0.5796875 0.375 0.5796875 0.3515625 0.54375 0.3515625 0.54375 0.375
0 0.5984375 0.371875 0.6375 0.371875 0.6375 0.346875 0.5984375 0.346875 0.5984375 0.371875
0 0.65625 0.375 0.703125 0.375 0.703125 0.35 0.65625 0.35 0.65625 0.375
0 0.540625 0.4515625 0.5765625 0.4515625 0.5765625 0.4328125 0.540625 0.4328125 0.540625 0.4515625
0 0.6609375 0.4828125 0.7046875 0.4828125 0.7046875 0.4609375 0.6609375 0.4609375 0.6609375 0.4828125
0 0.6359375 0.51875 0.6671875 0.51875 0.6671875 0.4890625 0.6359375 0.4890625 0.6359375 0.51875
0 0.478125 0.5046875 0.515625 0.5046875 0.515625 0.4859375 0.478125 0.4859375 0.478125 0.5046875
0 0.4609375 0.4046875 0.503125 0.4046875 0.503125 0.38125 0.4609375 0.38125 0.4609375 0.4046875
0 0.4078125 0.409375 0.4453125 0.409375 0.4453125 0.39375 0.4078125 0.39375 0.4078125 0.409375
0 0.4234375 0.3765625 0.4546875 0.3765625 0.4546875 0.3515625 0.4234375 0.3515625 0.4234375 0.3765625
0 0.5984375 0.60625 0.6234375 0.60625 0.6234375 0.578125 0.5984375 0.578125 0.5984375 0.60625
0 0.55625 0.6375 0.5796875 0.6375 0.5796875 0.60625 0.55625 0.60625 0.55625 0.6375
0 0.5203125 0.6046875 0.5484375 0.6046875 0.5484375 0.5828125 0.5203125 0.5828125 0.5203125 0.6046875
0 0.4515625 0.5734375 0.4875 0.5734375 0.4875 0.5515625 0.4515625 0.5515625 0.4515625 0.5734375
0 0.4078125 0.528125 0.4328125 0.528125 0.4328125 0.50625 0.4078125 0.50625 0.4078125 0.528125
0 0.3734375 0.5046875 0.396875 0.5046875 0.396875 0.4734375 0.3734375 0.4734375 0.3734375 0.5046875
0 0.3953125 0.490625 0.4203125 0.490625 0.4203125 0.4703125 0.3953125 0.4703125 0.3953125 0.490625
0 0.284375 0.603125 0.31875 0.603125 0.31875 0.5796875 0.284375 0.5796875 0.284375 0.603125
0 0.3234375 0.609375 0.3609375 0.609375 0.3609375 0.584375 0.3234375 0.584375 0.3234375 0.609375
0 0.415625 0.6546875 0.440625 0.6546875 0.440625 0.6265625 0.415625 0.6265625 0.415625 0.6546875