0 0.26875 0.5140625 0.309375 0.5140625 0.309375 0.4890625 0.26875 0.4890625 0.26875 0.5140625
0 0.33125 0.440625 0.371875 0.440625 0.371875 0.4078125 0.33125 0.4078125 0.33125 0.440625
0 0.29375 0.3796875 0.3359375 0.3796875 0.3359375 0.3484375 0.29375 0.3484375 0.29375 0.3796875
0 0.396875 0.428125 0.4328125 0.428125 0.4328125 0.396875 0.396875 0.396875 0.396875 0.428125
0 0.3921875 0.515625 0.4265625 0.515625 0.4265625 0.4796875 0.3921875 0.4796875 0.3921875 0.515625
0 0.4828125 0.5375 0.5140625 0.5375 0.5140625 0.4953125 0.4828125 0.4953125 0.4828125 0.5375
0 0.525 0.625 0.553125 0.625 0.553125 0.609375 0.525 0.609375 0.525 0.625
0 0.528125 0.6875 0.55625 0.6875 0.55625 0.653125 0.528125 0.653125 0.528125 0.6875
0 0.4984375 0.6828125 0.5265625 0.6828125 0.5265625 0.6515625 0.4984375 0.6515625 0.4984375 0.6828125
0 0.5421875 0.5375 0.5734375 0.5375 0.5734375 0.5125 0.5421875 0.5125 0.5421875 0.5375
0 0.5875 0.53125 0.621875 0.53125 0.621875 0.5 0.5875 0.5 0.5875 0.53125
0 0.6328125 0.5328125 0.6578125 0.5328125 0.6578125 0.5015625 0.6328125 0.5015625 0.6328125 0.5328125
0 0.66875 0.5234375 0.715625 0.5234375 0.715625 0.5046875 0.66875 0.5046875 0.66875 0.5234375
0 0.6625 0.496875 0.6828125 0.496875 0.6828125 0.471875 0.6625 0.471875 0.6625 0.496875
0 0.3625 0.60625 0.390625 0.60625 0.390625 0.5828125 0.3625 0.5828125 0.3625 0.60625
0 0.3453125 0.5671875 0.3796875 0.5671875 0.3796875 0.534375 0.3453125 0.534375 0.3453125 0.5671875
0 0.334375 0.5953125 0.3625 0.5953125 0.3625 0.5734375 0.334375 0.5734375 0.334375 0.5953125