0 0.690625 0.7078125 0.7109375 0.7078125 0.7109375 0.6578125 0.690625 0.6578125 0.690625 0.7078125
0 0.6125 0.6390625 0.640625 0.6390625 0.640625 0.615625 0.6125 0.615625 0.6125 0.6390625
0 0.6390625 0.6125 0.659375 0.6125 0.659375 0.5921875 0.6390625 0.5921875 0.6390625 0.6125
0 0.665625 0.6328125 0.6953125 0.6328125 0.6953125 0.615625 0.665625 0.615625 0.665625 0.6328125
0 0.5140625 0.7140625 0.534375 0.7140625 0.534375 0.678125 0.5140625 0.678125 0.5140625 0.7140625
0 0.5453125 0.54375 0.578125 0.54375 0.578125 0.515625 0.5453125 0.515625 0.5453125 0.54375
0 0.5265625 0.496875 0.540625 0.496875 0.540625 0.453125 0.5265625 0.453125 0.5265625 0.496875
0 0.55 0.459375 0.578125 0.459375 0.578125 0.4359375 0.55 0.4359375 0.55 0.459375
0 0.56875 0.4171875 0.590625 0.4171875 0.590625 0.3953125 0.56875 0.3953125 0.56875 0.4171875
0 0.58125 0.39375 0.6 0.39375 0.6 0.3546875 0.58125 0.3546875 0.58125 0.39375
0 0.596875 0.359375 0.621875 0.359375 0.621875 0.3171875 0.596875 0.3171875 0.596875 0.359375
0 0.534375 0.2671875 0.5734375 0.2671875 0.5734375 0.228125 0.534375 0.228125 0.534375 0.2671875
0 0.628125 0.5328125 0.659375 0.5328125 0.659375 0.4984375 0.628125 0.4984375 0.628125 0.5328125
0 0.6296875 0.56875 0.646875 0.56875 0.646875 0.5390625 0.6296875 0.5390625 0.6296875 0.56875
0 0.703125 0.3765625 0.721875 0.3765625 0.721875 0.3296875 0.703125 0.3296875 0.703125 0.3765625
0 0.73125 0.34375 0.765625 0.34375 0.765625 0.3140625 0.73125 0.3140625 0.73125 0.34375
0 0.7234375 0.375 0.75625 0.375 0.75625 0.35 0.7234375 0.35 0.7234375 0.375
0 0.3671875 0.25 0.396875 0.25 0.396875 0.2265625 0.3671875 0.2265625 0.3671875 0.25
0 0.359375 0.3140625 0.384375 0.3140625 0.384375 0.2859375 0.359375 0.2859375 0.359375 0.3140625
0 0.353125 0.3765625 0.38125 0.3765625 0.38125 0.3453125 0.353125 0.3453125 0.353125 0.3765625
0 0.396875 0.2875 0.41875 0.2875 0.41875 0.2609375 0.396875 0.2609375 0.396875 0.2875
0 0.4140625 0.3296875 0.434375 0.3296875 0.434375 0.3125 0.4140625 0.3125 0.4140625 0.3296875
0 0.4375 0.3359375 0.4640625 0.3359375 0.4640625 0.3 0.4375 0.3 0.4375 0.3359375
0 0.3875 0.403125 0.4109375 0.403125 0.4109375 0.3796875 0.3875 0.3796875 0.3875 0.403125
0 0.384375 0.459375 0.4015625 0.459375 0.4015625 0.4171875 0.384375 0.4171875 0.384375 0.459375
0 0.36875 0.496875 0.403125 0.496875 0.403125 0.4578125 0.36875 0.4578125 0.36875 0.496875
0 0.3796875 0.534375 0.4078125 0.534375 0.4078125 0.503125 0.3796875 0.503125 0.3796875 0.534375
0 0.3546875 0.6203125 0.375 0.6203125 0.375 0.578125 0.3546875 0.578125 0.3546875 0.6203125
0 0.3875 0.64375 0.409375 0.64375 0.409375 0.615625 0.3875 0.615625 0.3875 0.64375
0 0.4125 0.675 0.434375 0.675 0.434375 0.6546875 0.4125 0.6546875 0.4125 0.675
0 0.4453125 0.675 0.4609375 0.675 0.4609375 0.646875 0.4453125 0.646875 0.4453125 0.675
0 0.4296875 0.715625 0.4640625 0.715625 0.4640625 0.6890625 0.4296875 0.6890625 0.4296875 0.715625