0 0.753125 0.246875 0.740625 0.246875 0.740625 0.28125 0.753125 0.28125 0.753125 0.246875
0 0.725 0.2328125 0.7046875 0.2328125 0.7046875 0.271875 0.725 0.271875 0.725 0.2328125
0 0.6203125 0.228125 0.5953125 0.228125 0.5953125 0.2640625 0.6203125 0.2640625 0.6203125 0.228125
0 0.3703125 0.2921875 0.3421875 0.2921875 0.3421875 0.3265625 0.3703125 0.3265625 0.3703125 0.2921875
0 0.5046875 0.4453125 0.4765625 0.4453125 0.4765625 0.478125 0.5046875 0.478125 0.5046875 0.4453125
0 0.54375 0.5109375 0.5171875 0.5109375 0.5171875 0.54375 0.54375 0.54375 0.54375 0.5109375
0 0.659375 0.51875 0.621875 0.51875 0.621875 0.565625 0.659375 0.565625 0.659375 0.51875
0 0.6890625 0.6734375 0.6484375 0.6734375 0.6484375 0.7171875 0.6890625 0.7171875 0.6890625 0.6734375
0 0.628125 0.725 0.5984375 0.725 0.5984375 0.7546875 0.628125 0.7546875 0.628125 0.725
0 0.4296875 0.66875 0.3984375 0.66875 0.3984375 0.696875 0.4296875 0.696875 0.4296875 0.66875
0 0.41875 0.5890625 0.3921875 0.5890625 0.3921875 0.63125 0.41875 0.63125 0.41875 0.5890625
0 0.3515625 0.5625 0.31875 0.5625 0.31875 0.6015625 0.3515625 0.6015625 0.3515625 0.5625
0 0.30625 0.5890625 0.278125 0.5890625 0.278125 0.6453125 0.30625 0.6453125 0.30625 0.5890625