0 0.19375 0.2828125 0.225 0.2828125 0.225 0.2609375 0.19375 0.2609375 0.19375 0.2828125
0 0.3921875 0.2640625 0.4265625 0.2640625 0.4265625 0.2390625 0.3921875 0.2390625 0.3921875 0.2640625
0 0.465625 0.3171875 0.5203125 0.3171875 0.5203125 0.3015625 0.465625 0.3015625 0.465625 0.3171875
0 0.4171875 0.34375 0.459375 0.34375 0.459375 0.3234375 0.4171875 0.3234375 0.4171875 0.34375
0 0.434375 0.3875 0.46875 0.3875 0.46875 0.3578125 0.434375 0.3578125 0.434375 0.3875
0 0.50625 0.365625 0.540625 0.365625 0.540625 0.334375 0.50625 0.334375 0.50625 0.365625
0 0.5484375 0.34375 0.6046875 0.34375 0.6046875 0.3109375 0.5484375 0.3109375 0.5484375 0.34375
0 0.66875 0.3328125 0.7296875 0.3328125 0.7296875 0.3046875 0.66875 0.3046875 0.66875 0.3328125
0 0.5921875 0.2765625 0.6265625 0.2765625 0.6265625 0.246875 0.5921875 0.246875 0.5921875 0.2765625
0 0.696875 0.2578125 0.7328125 0.2578125 0.7328125 0.240625 0.696875 0.240625 0.696875 0.2578125
0 0.446875 0.2375 0.478125 0.2375 0.478125 0.215625 0.446875 0.215625 0.446875 0.2375
0 0.48125 0.2328125 0.515625 0.2328125 0.515625 0.2140625 0.48125 0.2140625 0.48125 0.2328125
0 0.215625 0.409375 0.25 0.409375 0.25 0.3875 0.215625 0.3875 0.215625 0.409375
0 0.2046875 0.48125 0.2359375 0.48125 0.2359375 0.4484375 0.2046875 0.4484375 0.2046875 0.48125
0 0.2421875 0.50625 0.2625 0.50625 0.2625 0.4859375 0.2421875 0.4859375 0.2421875 0.50625
0 0.2953125 0.55625 0.3328125 0.55625 0.3328125 0.525 0.2953125 0.525 0.2953125 0.55625
0 0.484375 0.4671875 0.525 0.4671875 0.525 0.446875 0.484375 0.446875 0.484375 0.4671875
0 0.4359375 0.509375 0.4765625 0.509375 0.4765625 0.48125 0.4359375 0.48125 0.4359375 0.509375
0 0.5796875 0.4984375 0.61875 0.4984375 0.61875 0.4765625 0.5796875 0.4765625 0.5796875 0.4984375
0 0.653125 0.515625 0.696875 0.515625 0.696875 0.4828125 0.653125 0.4828125 0.653125 0.515625
0 0.53125 0.5921875 0.559375 0.5921875 0.559375 0.5640625 0.53125 0.5640625 0.53125 0.5921875
0 0.4515625 0.5640625 0.4765625 0.5640625 0.4765625 0.54375 0.4515625 0.54375 0.4515625 0.5640625
0 0.3359375 0.503125 0.3828125 0.503125 0.3828125 0.484375 0.3359375 0.484375 0.3359375 0.503125
0 0.6 0.596875 0.63125 0.596875 0.63125 0.571875 0.6 0.571875 0.6 0.596875
0 0.6546875 0.6015625 0.7109375 0.6015625 0.7109375 0.5828125 0.6546875 0.5828125 0.6546875 0.6015625
0 0.6953125 0.625 0.7234375 0.625 0.7234375 0.60625 0.6953125 0.60625 0.6953125 0.625
0 0.6859375 0.6484375 0.7171875 0.6484375 0.7171875 0.6265625 0.6859375 0.6265625 0.6859375 0.6484375
0 0.4859375 0.65625 0.5328125 0.65625 0.5328125 0.6328125 0.4859375 0.6328125 0.4859375 0.65625
0 0.540625 0.7328125 0.578125 0.7328125 0.578125 0.7109375 0.540625 0.7109375 0.540625 0.7328125
0 0.3640625 0.628125 0.4171875 0.628125 0.4171875 0.60625 0.3640625 0.60625 0.3640625 0.628125
0 0.303125 0.671875 0.33125 0.671875 0.33125 0.64375 0.303125 0.64375 0.303125 0.671875
0 0.3421875 0.665625 0.3953125 0.665625 0.3953125 0.64375 0.3421875 0.64375 0.3421875 0.665625
0 0.2390625 0.7359375 0.29375 0.7359375 0.29375 0.7109375 0.2390625 0.7109375 0.2390625 0.7359375