0 0.390625 0.3171875 0.3625 0.3171875 0.3625 0.359375 0.390625 0.359375 0.390625 0.3171875
0 0.453125 0.353125 0.4234375 0.353125 0.4234375 0.3875 0.453125 0.3875 0.453125 0.353125
0 0.384375 0.384375 0.3703125 0.384375 0.3703125 0.4265625 0.384375 0.4265625 0.384375 0.384375
0 0.4921875 0.459375 0.453125 0.459375 0.453125 0.4875 0.4921875 0.4875 0.4921875 0.459375
0 0.575 0.4125 0.55 0.4125 0.55 0.4546875 0.575 0.4546875 0.575 0.4125
0 0.592355784375 0.304595734375 0.5600159109375 0.275352775 0.5489196484375001 0.2876241640625 0.5812595203125 0.3168671234375 0.592355784375 0.304595734375
0 0.5675202328125 0.3366008921875 0.5571713 0.296983884375 0.540897090625 0.3012351078125 0.551246025 0.3408521140625 0.5675202328125 0.3366008921875
0 0.6265625 0.64375 0.6078125 0.64375 0.6078125 0.6796875 0.6265625 0.6796875 0.6265625 0.64375
0 0.5765625 0.6328125 0.5609375 0.6328125 0.5609375 0.6609375 0.5765625 0.6609375 0.5765625 0.6328125
0 0.6140625 0.5421875 0.584375 0.5421875 0.584375 0.571875 0.6140625 0.571875 0.6140625 0.5421875
0 0.575 0.5140625 0.5484375 0.5140625 0.5484375 0.5546875 0.575 0.5546875 0.575 0.5140625
0 0.5484375 0.56875 0.53125 0.56875 0.53125 0.6125 0.5484375 0.6125 0.5484375 0.56875
0 0.6046875 0.3609375 0.5875 0.3609375 0.5875 0.3953125 0.6046875 0.3953125 0.6046875 0.3609375
0 0.659375 0.340625 0.640625 0.340625 0.640625 0.378125 0.659375 0.378125 0.659375 0.340625
0 0.6390625 0.3609375 0.61875 0.3609375 0.61875 0.390625 0.6390625 0.390625 0.6390625 0.3609375
0 0.653125 0.3875 0.6359375 0.3875 0.6359375 0.421875 0.653125 0.421875 0.653125 0.3875
0 0.6359375 0.3890625 0.6109375 0.3890625 0.6109375 0.4265625 0.6359375 0.4265625 0.6359375 0.3890625