0 0.384375 0.6515625 0.4125 0.6515625 0.4125 0.6328125 0.384375 0.6328125 0.384375 0.6515625
0 0.3515625 0.6328125 0.3765625 0.6328125 0.3765625 0.6109375 0.3515625 0.6109375 0.3515625 0.6328125
0 0.471875 0.571875 0.5125 0.571875 0.5125 0.5546875 0.471875 0.5546875 0.471875 0.571875
0 0.365625 0.46875 0.40625 0.46875 0.40625 0.4359375 0.365625 0.4359375 0.365625 0.46875
0 0.409375 0.359375 0.475 0.359375 0.475 0.3390625 0.409375 0.3390625 0.409375 0.359375
0 0.35 0.3625 0.396875 0.3625 0.396875 0.3421875 0.35 0.3421875 0.35 0.3625
0 0.56875 0.5515625 0.6046875 0.5515625 0.6046875 0.5265625 0.56875 0.5265625 0.56875 0.5515625
0 0.6 0.6921875 0.625 0.6921875 0.625 0.6765625 0.6 0.6765625 0.6 0.6921875
0 0.6359375 0.696875 0.6640625 0.696875 0.6640625 0.678125 0.6359375 0.678125 0.6359375 0.696875
0 0.7015625 0.5859375 0.7375 0.5859375 0.7375 0.5734375 0.7015625 0.5734375 0.7015625 0.5859375
0 0.7046875 0.5625 0.7453125 0.5625 0.7453125 0.5328125 0.7046875 0.5328125 0.7046875 0.5625
0 0.621875 0.49375 0.65625 0.49375 0.65625 0.453125 0.621875 0.453125 0.621875 0.49375
0 0.6984375 0.45625 0.7234375 0.45625 0.7234375 0.425 0.6984375 0.425 0.6984375 0.45625
0 0.665625 0.4265625 0.709375 0.4265625 0.709375 0.4046875 0.665625 0.4046875 0.665625 0.4265625