0 0.3703125 0.3125 0.3390625 0.3125 0.3390625 0.340625 0.3703125 0.340625 0.3703125 0.3125
0 0.515625 0.20625 0.490625 0.20625 0.490625 0.2375 0.515625 0.2375 0.515625 0.20625
0 0.5140625 0.2640625 0.4828125 0.2640625 0.4828125 0.303125 0.5140625 0.303125 0.5140625 0.2640625
0 0.525 0.35 0.5 0.35 0.5 0.384375 0.525 0.384375 0.525 0.35
0 0.590625 0.35 0.5578125 0.35 0.5578125 0.378125 0.590625 0.378125 0.590625 0.35
0 0.6578125 0.3953125 0.6265625 0.3953125 0.6265625 0.4359375 0.6578125 0.4359375 0.6578125 0.3953125
0 0.6109375 0.4390625 0.5859375 0.4390625 0.5859375 0.4765625 0.6109375 0.4765625 0.6109375 0.4390625
0 0.5484375 0.4078125 0.525 0.4078125 0.525 0.4421875 0.5484375 0.4421875 0.5484375 0.4078125
0 0.540625 0.478125 0.521875 0.478125 0.521875 0.53125 0.540625 0.53125 0.540625 0.478125
0 0.5328125 0.7109375 0.509375 0.7109375 0.509375 0.753125 0.5328125 0.753125 0.5328125 0.7109375
0 0.5953125 0.7171875 0.5734375 0.7171875 0.5734375 0.7609375 0.5953125 0.7609375 0.5953125 0.7171875
0 0.6671875 0.64375 0.6421875 0.64375 0.6421875 0.684375 0.6671875 0.684375 0.6671875 0.64375
0 0.321875 0.740625 0.290625 0.740625 0.290625 0.765625 0.321875 0.765625 0.321875 0.740625
0 0.3375 0.684375 0.30625 0.684375 0.30625 0.715625 0.3375 0.715625 0.3375 0.684375
0 0.3375 0.64375 0.303125 0.64375 0.303125 0.66875 0.3375 0.66875 0.3375 0.64375
0 0.403125 0.65 0.375 0.65 0.375 0.675 0.403125 0.675 0.403125 0.65
0 0.390625 0.6875 0.365625 0.6875 0.365625 0.715625 0.390625 0.715625 0.390625 0.6875
0 0.44375 0.6421875 0.421875 0.6421875 0.421875 0.68125 0.44375 0.68125 0.44375 0.6421875