0 0.709375 0.4046875 0.6796875 0.4046875 0.6796875 0.440625 0.709375 0.440625 0.709375 0.4046875
0 0.6421875 0.421875 0.615625 0.421875 0.615625 0.45625 0.6421875 0.45625 0.6421875 0.421875
0 0.659375 0.5296875 0.634375 0.5296875 0.634375 0.56875 0.659375 0.56875 0.659375 0.5296875
0 0.64375 0.3453125 0.6140625 0.3453125 0.6140625 0.3796875 0.64375 0.3796875 0.64375 0.3453125
0 0.65625 0.303125 0.6171875 0.303125 0.6171875 0.3390625 0.65625 0.3390625 0.65625 0.303125
0 0.55625 0.2765625 0.528125 0.2765625 0.528125 0.30625 0.55625 0.30625 0.55625 0.2765625
0 0.50625 0.28125 0.4828125 0.28125 0.4828125 0.3046875 0.50625 0.3046875 0.50625 0.28125
0 0.4390625 0.3453125 0.41875 0.3453125 0.41875 0.3796875 0.4390625 0.3796875 0.4390625 0.3453125
0 0.4359375 0.409375 0.4078125 0.409375 0.4078125 0.44375 0.4359375 0.44375 0.4359375 0.409375
0 0.45 0.4703125 0.434375 0.4703125 0.434375 0.5046875 0.45 0.5046875 0.45 0.4703125
0 0.4703125 0.5203125 0.4546875 0.5203125 0.4546875 0.575 0.4703125 0.575 0.4703125 0.5203125
0 0.5078125 0.496875 0.490625 0.496875 0.490625 0.528125 0.5078125 0.528125 0.5078125 0.496875
0 0.5296875 0.475 0.5078125 0.475 0.5078125 0.5171875 0.5296875 0.5171875 0.5296875 0.475
0 0.40625 0.58125 0.3828125 0.58125 0.3828125 0.621875 0.40625 0.621875 0.40625 0.58125
0 0.3859375 0.525 0.3609375 0.525 0.3609375 0.553125 0.3859375 0.553125 0.3859375 0.525
0 0.3421875 0.2796875 0.3203125 0.2796875 0.3203125 0.3203125 0.3421875 0.3203125 0.3421875 0.2796875
0 0.3609375 0.3921875 0.3453125 0.3921875 0.3453125 0.4328125 0.3609375 0.4328125 0.3609375 0.3921875
0 0.3625 0.4546875 0.3421875 0.4546875 0.3421875 0.4796875 0.3625 0.4796875 0.3625 0.4546875
0 0.3546875 0.540625 0.328125 0.540625 0.328125 0.578125 0.3546875 0.578125 0.3546875 0.540625