0 0.653125 0.759375 0.6890625 0.759375 0.6890625 0.734375 0.653125 0.734375 0.653125 0.759375
0 0.53125 0.75 0.559375 0.75 0.559375 0.725 0.53125 0.725 0.53125 0.75
0 0.4296875 0.75625 0.4703125 0.75625 0.4703125 0.7234375 0.4296875 0.7234375 0.4296875 0.75625
0 0.3375 0.715625 0.371875 0.715625 0.371875 0.6859375 0.3375 0.6859375 0.3375 0.715625
0 0.4875 0.696875 0.53125 0.696875 0.53125 0.675 0.4875 0.675 0.4875 0.696875
0 0.5578125 0.6765625 0.5890625 0.6765625 0.5890625 0.6484375 0.5578125 0.6484375 0.5578125 0.6765625
0 0.525 0.640625 0.553125 0.640625 0.553125 0.621875 0.525 0.621875 0.525 0.640625
0 0.5484375 0.578125 0.5890625 0.578125 0.5890625 0.559375 0.5484375 0.559375 0.5484375 0.578125
0 0.6484375 0.6046875 0.6765625 0.6046875 0.6765625 0.5765625 0.6484375 0.5765625 0.6484375 0.6046875
0 0.66875 0.646875 0.70625 0.646875 0.70625 0.625 0.66875 0.625 0.66875 0.646875
0 0.66875 0.546875 0.69375 0.546875 0.69375 0.528125 0.66875 0.528125 0.66875 0.546875
0 0.5578125 0.5328125 0.5921875 0.5328125 0.5921875 0.5171875 0.5578125 0.5171875 0.5578125 0.5328125
0 0.490625 0.5390625 0.5328125 0.5390625 0.5328125 0.5203125 0.490625 0.5203125 0.490625 0.5390625
0 0.3734375 0.540625 0.4078125 0.540625 0.4078125 0.51875 0.3734375 0.51875 0.3734375 0.540625
0 0.4734375 0.4765625 0.5109375 0.4765625 0.5109375 0.4421875 0.4734375 0.4421875 0.4734375 0.4765625
0 0.38125 0.465625 0.415625 0.465625 0.415625 0.440625 0.38125 0.440625 0.38125 0.465625
0 0.478125 0.3546875 0.5015625 0.3546875 0.5015625 0.3296875 0.478125 0.3296875 0.478125 0.3546875
0 0.6171875 0.3984375 0.6640625 0.3984375 0.6640625 0.3734375 0.6171875 0.3734375 0.6171875 0.3984375
0 0.6578125 0.4609375 0.7015625 0.4609375 0.7015625 0.4265625 0.6578125 0.4265625 0.6578125 0.4609375