0 0.33125 0.628125 0.309375 0.628125 0.309375 0.6671875 0.33125 0.6671875 0.33125 0.628125
0 0.3734375 0.6078125 0.3515625 0.6078125 0.3515625 0.6390625 0.3734375 0.6390625 0.3734375 0.6078125
0 0.4125 0.4890625 0.3765625 0.4890625 0.3765625 0.5203125 0.4125 0.5203125 0.4125 0.4890625
0 0.446875 0.3875 0.403125 0.3875 0.403125 0.41875 0.446875 0.41875 0.446875 0.3875
0 0.4265625 0.3375 0.39375 0.3375 0.39375 0.365625 0.4265625 0.365625 0.4265625 0.3375
0 0.4421875 0.340625 0.4296875 0.340625 0.4296875 0.3828125 0.4421875 0.3828125 0.4421875 0.340625
0 0.459375 0.3421875 0.440625 0.3421875 0.440625 0.3671875 0.459375 0.3671875 0.459375 0.3421875
0 0.5 0.31875 0.48125 0.31875 0.48125 0.3578125 0.5 0.3578125 0.5 0.31875
0 0.6 0.3078125 0.575 0.3078125 0.575 0.3609375 0.6 0.3609375 0.6 0.3078125
0 0.6390625 0.3296875 0.6140625 0.3296875 0.6140625 0.3640625 0.6390625 0.3640625 0.6390625 0.3296875
0 0.56875 0.453125 0.55 0.453125 0.55 0.5 0.56875 0.5 0.56875 0.453125
0 0.4734375 0.475 0.453125 0.475 0.453125 0.521875 0.4734375 0.521875 0.4734375 0.475
0 0.51875 0.4828125 0.4875 0.4828125 0.4875 0.521875 0.51875 0.521875 0.51875 0.4828125
0 0.5125 0.53125 0.4796875 0.53125 0.4796875 0.5703125 0.5125 0.5703125 0.5125 0.53125
0 0.5328125 0.6296875 0.509375 0.6296875 0.509375 0.6703125 0.5328125 0.6703125 0.5328125 0.6296875
0 0.625 0.6078125 0.5890625 0.6078125 0.5890625 0.6453125 0.625 0.6453125 0.625 0.6078125
0 0.59375 0.553125 0.55625 0.553125 0.55625 0.6 0.59375 0.6 0.59375 0.553125