0 0.715625 0.6671875 0.6875 0.6671875 0.6875 0.6890625 0.715625 0.6890625 0.715625 0.6671875
0 0.5609375 0.671875 0.525 0.671875 0.525 0.703125 0.5609375 0.703125 0.5609375 0.671875
0 0.5609375 0.6171875 0.5375 0.6171875 0.5375 0.6390625 0.5609375 0.6390625 0.5609375 0.6171875
0 0.684375 0.4921875 0.6484375 0.4921875 0.6484375 0.5265625 0.684375 0.5265625 0.684375 0.4921875
0 0.71875 0.403125 0.68125 0.403125 0.68125 0.4234375 0.71875 0.4234375 0.71875 0.403125
0 0.56875 0.43125 0.534375 0.43125 0.534375 0.45625 0.56875 0.45625 0.56875 0.43125
0 0.5890625 0.3890625 0.5640625 0.3890625 0.5640625 0.4296875 0.5890625 0.4296875 0.5890625 0.3890625
0 0.5375 0.4921875 0.4984375 0.4921875 0.4984375 0.5140625 0.5375 0.5140625 0.5375 0.4921875
0 0.4890625 0.3890625 0.4390625 0.3890625 0.4390625 0.4140625 0.4890625 0.4140625 0.4890625 0.3890625
0 0.425 0.4875 0.39375 0.4875 0.39375 0.5109375 0.425 0.5109375 0.425 0.4875
0 0.43125 0.5671875 0.396875 0.5671875 0.396875 0.584375 0.43125 0.584375 0.43125 0.5671875
0 0.31875 0.5453125 0.29375 0.5453125 0.29375 0.5796875 0.31875 0.5796875 0.31875 0.5453125
0 0.375 0.6109375 0.309375 0.6109375 0.309375 0.628125 0.375 0.628125 0.375 0.6109375
0 0.3890625 0.63125 0.3328125 0.63125 0.3328125 0.64375 0.3890625 0.64375 0.3890625 0.63125
0 0.34375 0.6703125 0.31875 0.6703125 0.31875 0.6953125 0.34375 0.6953125 0.34375 0.6703125
0 0.3390625 0.6421875 0.31875 0.6421875 0.31875 0.6640625 0.3390625 0.6640625 0.3390625 0.6421875
0 0.2984375 0.6453125 0.2640625 0.6453125 0.2640625 0.6796875 0.2984375 0.6796875 0.2984375 0.6453125