0 0.621875 0.3328125 0.6515625 0.3328125 0.6515625 0.278125 0.621875 0.278125 0.621875 0.3328125
0 0.6375 0.4203125 0.65625 0.4203125 0.65625 0.3703125 0.6375 0.3703125 0.6375 0.4203125
0 0.646875 0.515625 0.6890625 0.515625 0.6890625 0.4875 0.646875 0.4875 0.646875 0.515625
0 0.6265625 0.5625 0.6609375 0.5625 0.6609375 0.5390625 0.6265625 0.5390625 0.6265625 0.5625
0 0.575 0.6578125 0.609375 0.6578125 0.609375 0.6265625 0.575 0.6265625 0.575 0.6578125
0 0.5375 0.6515625 0.5578125 0.6515625 0.5578125 0.603125 0.5375 0.603125 0.5375 0.6515625
0 0.41875 0.665625 0.4390625 0.665625 0.4390625 0.6125 0.41875 0.6125 0.41875 0.665625
0 0.421875 0.5328125 0.44375 0.5328125 0.44375 0.46875 0.421875 0.46875 0.421875 0.5328125
0 0.490625 0.471875 0.5140625 0.471875 0.5140625 0.434375 0.490625 0.434375 0.490625 0.471875
0 0.5015625 0.4015625 0.5421875 0.4015625 0.5421875 0.3546875 0.5015625 0.3546875 0.5015625 0.4015625
0 0.4046875 0.4453125 0.4234375 0.4453125 0.4234375 0.4140625 0.4046875 0.4140625 0.4046875 0.4453125
0 0.3765625 0.3453125 0.403125 0.3453125 0.403125 0.3203125 0.3765625 0.3203125 0.3765625 0.3453125
0 0.3390625 0.3125 0.365625 0.3125 0.365625 0.2828125 0.3390625 0.2828125 0.3390625 0.3125
0 0.3390625 0.4078125 0.3640625 0.4078125 0.3640625 0.3703125 0.3390625 0.3703125 0.3390625 0.4078125
0 0.325 0.5484375 0.3546875 0.5484375 0.3546875 0.5140625 0.325 0.5140625 0.325 0.5484375
0 0.5671875 0.328125 0.5890625 0.328125 0.5890625 0.2703125 0.5671875 0.2703125 0.5671875 0.328125