0 0.7328125 0.3875 0.6984375 0.3875 0.6984375 0.4046875 0.7328125 0.4046875 0.7328125 0.3875
0 0.625 0.378125 0.58125 0.378125 0.58125 0.390625 0.625 0.390625 0.625 0.378125
0 0.6734375 0.3953125 0.6375 0.3953125 0.6375 0.4328125 0.6734375 0.4328125 0.6734375 0.3953125
0 0.4421875 0.4296875 0.4015625 0.4296875 0.4015625 0.4484375 0.4421875 0.4484375 0.4421875 0.4296875
0 0.4765625 0.465625 0.4453125 0.465625 0.4453125 0.4875 0.4765625 0.4875 0.4765625 0.465625
0 0.465625 0.4953125 0.434375 0.4953125 0.434375 0.5265625 0.465625 0.5265625 0.465625 0.4953125
0 0.396875 0.54375 0.36875 0.54375 0.36875 0.584375 0.396875 0.584375 0.396875 0.54375
0 0.4984375 0.55625 0.4546875 0.55625 0.4546875 0.571875 0.4984375 0.571875 0.4984375 0.55625
0 0.63125 0.528125 0.5734375 0.528125 0.5734375 0.553125 0.63125 0.553125 0.63125 0.528125
0 0.671875 0.5921875 0.621875 0.5921875 0.621875 0.615625 0.671875 0.615625 0.671875 0.5921875
0 0.5921875 0.615625 0.5390625 0.615625 0.5390625 0.634375 0.5921875 0.634375 0.5921875 0.615625
0 0.51875 0.5875 0.49375 0.5875 0.49375 0.621875 0.51875 0.621875 0.51875 0.5875
0 0.4515625 0.6625 0.4171875 0.6625 0.4171875 0.675 0.4515625 0.675 0.4515625 0.6625
0 0.4078125 0.64375 0.3828125 0.64375 0.3828125 0.671875 0.4078125 0.671875 0.4078125 0.64375
0 0.5765625 0.7078125 0.540625 0.7078125 0.540625 0.7328125 0.5765625 0.7328125 0.5765625 0.7078125
0 0.70625 0.7234375 0.659375 0.7234375 0.659375 0.7390625 0.70625 0.7390625 0.70625 0.7234375
0 0.7171875 0.684375 0.6921875 0.684375 0.6921875 0.71875 0.7171875 0.71875 0.7171875 0.684375