0 0.2890625 0.28125 0.325 0.28125 0.325 0.259375 0.2890625 0.259375 0.2890625 0.28125
0 0.2765625 0.3390625 0.3109375 0.3390625 0.3109375 0.3046875 0.2765625 0.3046875 0.2765625 0.3390625
0 0.3765625 0.371875 0.4390625 0.371875 0.4390625 0.35625 0.3765625 0.35625 0.3765625 0.371875
0 0.3328125 0.4609375 0.3734375 0.4609375 0.3734375 0.41875 0.3328125 0.41875 0.3328125 0.4609375
0 0.371875 0.53125 0.425 0.53125 0.425 0.5078125 0.371875 0.5078125 0.371875 0.53125
0 0.4546875 0.56875 0.4890625 0.56875 0.4890625 0.5265625 0.4546875 0.5265625 0.4546875 0.56875
0 0.4515625 0.403125 0.4921875 0.403125 0.4921875 0.3875 0.4515625 0.3875 0.4515625 0.403125
0 0.515625 0.3359375 0.5578125 0.3359375 0.5578125 0.2953125 0.515625 0.2953125 0.515625 0.3359375
0 0.5140625 0.3765625 0.5671875 0.3765625 0.5671875 0.3578125 0.5140625 0.3578125 0.5140625 0.3765625
0 0.58125 0.275 0.625 0.275 0.625 0.25 0.58125 0.25 0.58125 0.275
0 0.6765625 0.2921875 0.7140625 0.2921875 0.7140625 0.259375 0.6765625 0.259375 0.6765625 0.2921875
0 0.68125 0.325 0.73125 0.325 0.73125 0.3015625 0.68125 0.3015625 0.68125 0.325
0 0.73125 0.5421875 0.765625 0.5421875 0.765625 0.5171875 0.73125 0.5171875 0.73125 0.5421875
0 0.7035471828125 0.4813476609375 0.7482996156249999 0.5124270078125 0.7598325265625 0.49582029531250005 0.7150800921875 0.4647409484375 0.7035471828125 0.4813476609375
0 0.7328125 0.4765625 0.7546875 0.4765625 0.7546875 0.453125 0.7328125 0.453125 0.7328125 0.4765625