0 0.690625 0.3421875 0.7109375 0.3421875 0.7109375 0.2921875 0.690625 0.2921875 0.690625 0.3421875
0 0.6125 0.3859375 0.640625 0.3859375 0.640625 0.3609375 0.6125 0.3609375 0.6125 0.3859375
0 0.640625 0.409375 0.659375 0.409375 0.659375 0.3890625 0.640625 0.3890625 0.640625 0.409375
0 0.665625 0.3859375 0.6953125 0.3859375 0.6953125 0.36875 0.665625 0.36875 0.665625 0.3859375
0 0.515625 0.3234375 0.534375 0.3234375 0.534375 0.2875 0.515625 0.2875 0.515625 0.3234375
0 0.5453125 0.484375 0.578125 0.484375 0.578125 0.45625 0.5453125 0.45625 0.5453125 0.484375
0 0.5265625 0.5484375 0.5421875 0.5484375 0.5421875 0.5046875 0.5265625 0.5046875 0.5265625 0.5484375
0 0.55 0.565625 0.578125 0.565625 0.578125 0.5421875 0.55 0.5421875 0.55 0.565625
0 0.56875 0.60625 0.590625 0.60625 0.590625 0.584375 0.56875 0.584375 0.56875 0.60625
0 0.58125 0.6453125 0.6 0.6453125 0.6 0.60625 0.58125 0.60625 0.58125 0.6453125
0 0.596875 0.684375 0.621875 0.684375 0.621875 0.6421875 0.596875 0.6421875 0.596875 0.684375
0 0.534375 0.7734375 0.575 0.7734375 0.575 0.734375 0.534375 0.734375 0.534375 0.7734375
0 0.628125 0.503125 0.659375 0.503125 0.659375 0.46875 0.628125 0.46875 0.628125 0.503125
0 0.6296875 0.4609375 0.646875 0.4609375 0.646875 0.4328125 0.6296875 0.4328125 0.6296875 0.4609375
0 0.703125 0.6703125 0.721875 0.6703125 0.721875 0.6234375 0.703125 0.6234375 0.703125 0.6703125
0 0.73125 0.6875 0.765625 0.6875 0.765625 0.65625 0.73125 0.65625 0.73125 0.6875
0 0.7234375 0.65 0.75625 0.65 0.75625 0.625 0.7234375 0.625 0.7234375 0.65
0 0.3671875 0.775 0.3984375 0.775 0.3984375 0.75 0.3671875 0.75 0.3671875 0.775
0 0.359375 0.7140625 0.384375 0.7140625 0.384375 0.6859375 0.359375 0.6859375 0.359375 0.7140625
0 0.353125 0.6546875 0.38125 0.6546875 0.38125 0.6234375 0.353125 0.6234375 0.353125 0.6546875
0 0.396875 0.740625 0.41875 0.740625 0.41875 0.7125 0.396875 0.7125 0.396875 0.740625
0 0.4140625 0.6875 0.434375 0.6875 0.434375 0.6703125 0.4140625 0.6703125 0.4140625 0.6875
0 0.4375 0.7015625 0.4640625 0.7015625 0.4640625 0.665625 0.4375 0.665625 0.4375 0.7015625
0 0.3890625 0.621875 0.4109375 0.621875 0.4109375 0.5984375 0.3890625 0.5984375 0.3890625 0.621875
0 0.384375 0.584375 0.403125 0.584375 0.403125 0.5421875 0.384375 0.5421875 0.384375 0.584375
0 0.36875 0.54375 0.403125 0.54375 0.403125 0.5046875 0.36875 0.5046875 0.36875 0.54375
0 0.3796875 0.496875 0.4078125 0.496875 0.4078125 0.465625 0.3796875 0.465625 0.3796875 0.496875
0 0.35625 0.4234375 0.375 0.4234375 0.375 0.38125 0.35625 0.38125 0.35625 0.4234375
0 0.3875 0.384375 0.409375 0.384375 0.409375 0.35625 0.3875 0.35625 0.3875 0.384375
0 0.4125 0.346875 0.434375 0.346875 0.434375 0.3265625 0.4125 0.3265625 0.4125 0.346875
0 0.4453125 0.353125 0.4609375 0.353125 0.4609375 0.325 0.4453125 0.325 0.4453125 0.353125
0 0.4296875 0.3125 0.4640625 0.3125 0.4640625 0.284375 0.4296875 0.284375 0.4296875 0.3125