0 0.35 0.2828125 0.378125 0.2828125 0.378125 0.2546875 0.35 0.2546875 0.35 0.2828125
0 0.565625 0.2984375 0.6 0.2984375 0.6 0.2703125 0.565625 0.2703125 0.565625 0.2984375
0 0.6453125 0.3078125 0.6828125 0.3078125 0.6828125 0.278125 0.6453125 0.278125 0.6453125 0.3078125
0 0.7359375 0.3375 0.7640625 0.3375 0.7640625 0.30625 0.7359375 0.30625 0.7359375 0.3375
0 0.7640625 0.409375 0.7984375 0.409375 0.7984375 0.353125 0.7640625 0.353125 0.7640625 0.409375
0 0.7515625 0.6421875 0.7984375 0.6421875 0.7984375 0.6015625 0.7515625 0.6015625 0.7515625 0.6421875
0 0.5625 0.5734375 0.6046875 0.5734375 0.6046875 0.5375 0.5625 0.5375 0.5625 0.5734375
0 0.5109375 0.4328125 0.5578125 0.4328125 0.5578125 0.4125 0.5109375 0.4125 0.5109375 0.4328125
0 0.5 0.4703125 0.534375 0.4703125 0.534375 0.446875 0.5 0.446875 0.5 0.4703125
0 0.4921875 0.5015625 0.5234375 0.5015625 0.5234375 0.46875 0.4921875 0.46875 0.4921875 0.5015625
0 0.3828125 0.45625 0.4328125 0.45625 0.4328125 0.425 0.3828125 0.425 0.3828125 0.45625
0 0.4546875 0.503125 0.4828125 0.503125 0.4828125 0.475 0.4546875 0.475 0.4546875 0.503125
0 0.4734375 0.5359375 0.5015625 0.5359375 0.5015625 0.5046875 0.4734375 0.5046875 0.4734375 0.5359375
0 0.3203125 0.5078125 0.3609375 0.5078125 0.3609375 0.4609375 0.3203125 0.4609375 0.3203125 0.5078125
0 0.2296875 0.4671875 0.2640625 0.4671875 0.2640625 0.4375 0.2296875 0.4375 0.2296875 0.4671875
0 0.2359375 0.5671875 0.275 0.5671875 0.275 0.5375 0.2359375 0.5375 0.2359375 0.5671875
0 0.384375 0.5640625 0.409375 0.5640625 0.409375 0.5453125 0.384375 0.5453125 0.384375 0.5640625
0 0.325 0.5953125 0.35 0.5953125 0.35 0.5734375 0.325 0.5734375 0.325 0.5953125
0 0.3515625 0.603125 0.3828125 0.603125 0.3828125 0.5828125 0.3515625 0.5828125 0.3515625 0.603125
0 0.415625 0.6296875 0.440625 0.6296875 0.440625 0.609375 0.415625 0.609375 0.415625 0.6296875
0 0.25120010625 0.5208282140625 0.2655120171875 0.539090809375 0.2991967109375 0.5126930109375001 0.28488480156249996 0.494430415625 0.25120010625 0.5208282140625
0 0.2469276796875 0.5010004421875001 0.25530365625 0.5170325874999999 0.289095215625 0.4993782234375 0.2807192390625 0.48334607968750004 0.2469276796875 0.5010004421875001