0 0.7515625 0.61875 0.7234375 0.61875 0.7234375 0.6625 0.7515625 0.6625 0.7515625 0.61875
0 0.5671875 0.615625 0.5375 0.615625 0.5375 0.6609375 0.5671875 0.6609375 0.5671875 0.615625
0 0.546875 0.54375 0.50625 0.54375 0.50625 0.5796875 0.546875 0.5796875 0.546875 0.54375
0 0.6640625 0.4546875 0.6265625 0.4546875 0.6265625 0.4859375 0.6640625 0.4859375 0.6640625 0.4546875
0 0.65625 0.40625 0.6359375 0.40625 0.6359375 0.44375 0.65625 0.44375 0.65625 0.40625
0 0.7375 0.384375 0.6984375 0.384375 0.6984375 0.4109375 0.7375 0.4109375 0.7375 0.384375
0 0.7703125 0.3140625 0.7484375 0.3140625 0.7484375 0.365625 0.7703125 0.365625 0.7703125 0.3140625
0 0.7265625 0.29375 0.696875 0.29375 0.696875 0.3171875 0.7265625 0.3171875 0.7265625 0.29375
0 0.696875 0.3171875 0.6734375 0.3171875 0.6734375 0.3328125 0.696875 0.3328125 0.696875 0.3171875
0 0.6828125 0.35 0.659375 0.35 0.659375 0.3890625 0.6828125 0.3890625 0.6828125 0.35
0 0.5953125 0.4203125 0.5734375 0.4203125 0.5734375 0.4671875 0.5953125 0.4671875 0.5953125 0.4203125
0 0.5828125 0.365625 0.55 0.365625 0.55 0.415625 0.5828125 0.415625 0.5828125 0.365625
0 0.5296875 0.303125 0.5046875 0.303125 0.5046875 0.3375 0.5296875 0.3375 0.5296875 0.303125
0 0.4484375 0.321875 0.428125 0.321875 0.428125 0.35625 0.4484375 0.35625 0.4484375 0.321875
0 0.421875 0.315625 0.3890625 0.315625 0.3890625 0.346875 0.421875 0.346875 0.421875 0.315625
0 0.4765625 0.446875 0.446875 0.446875 0.446875 0.4828125 0.4765625 0.4828125 0.4765625 0.446875
0 0.3390625 0.5640625 0.3140625 0.5640625 0.3140625 0.6015625 0.3390625 0.6015625 0.3390625 0.5640625