0 0.54375 0.3453125 0.575 0.3453125 0.575 0.3265625 0.54375 0.3265625 0.54375 0.3453125
0 0.4890625 0.346875 0.5328125 0.346875 0.5328125 0.3171875 0.4890625 0.3171875 0.4890625 0.346875
0 0.45 0.365625 0.484375 0.365625 0.484375 0.3375 0.45 0.3375 0.45 0.365625
0 0.3953125 0.4671875 0.4234375 0.4671875 0.4234375 0.4359375 0.3953125 0.4359375 0.3953125 0.4671875
0 0.3265625 0.4515625 0.3625 0.4515625 0.3625 0.409375 0.3265625 0.409375 0.3265625 0.4515625
0 0.3515625 0.534375 0.3875 0.534375 0.3875 0.49375 0.3515625 0.49375 0.3515625 0.534375
0 0.34375 0.5828125 0.378125 0.5828125 0.378125 0.5390625 0.34375 0.5390625 0.34375 0.5828125
0 0.496875 0.4578125 0.53125 0.4578125 0.53125 0.4296875 0.496875 0.4296875 0.496875 0.4578125
0 0.5921875 0.478125 0.63125 0.478125 0.63125 0.4546875 0.5921875 0.4546875 0.5921875 0.478125
0 0.503125 0.49375 0.5375 0.49375 0.5375 0.471875 0.503125 0.471875 0.503125 0.49375
0 0.4859375 0.6109375 0.5109375 0.6109375 0.5109375 0.56875 0.4859375 0.56875 0.4859375 0.6109375
0 0.5546875 0.5375 0.5828125 0.5375 0.5828125 0.521875 0.5546875 0.521875 0.5546875 0.5375
0 0.584375 0.55625 0.61875 0.55625 0.61875 0.534375 0.584375 0.534375 0.584375 0.55625
0 0.609375 0.5734375 0.6296875 0.5734375 0.6296875 0.5546875 0.609375 0.5546875 0.609375 0.5734375
0 0.603125 0.621875 0.6375 0.621875 0.6375 0.590625 0.603125 0.590625 0.603125 0.621875