0 0.65 0.665625 0.621875 0.665625 0.621875 0.7171875 0.65 0.7171875 0.65 0.665625
0 0.640625 0.4671875 0.6046875 0.4671875 0.6046875 0.5 0.640625 0.5 0.640625 0.4671875
0 0.66875 0.4234375 0.63125 0.4234375 0.63125 0.4515625 0.66875 0.4515625 0.66875 0.4234375
0 0.5859375 0.375 0.5609375 0.375 0.5609375 0.4046875 0.5859375 0.4046875 0.5859375 0.375
0 0.5859375 0.4046875 0.5625 0.4046875 0.5625 0.4421875 0.5859375 0.4421875 0.5859375 0.4046875
0 0.5984375 0.575 0.58125 0.575 0.58125 0.603125 0.5984375 0.603125 0.5984375 0.575
0 0.5921875 0.51875 0.5625 0.51875 0.5625 0.553125 0.5921875 0.553125 0.5921875 0.51875
0 0.55 0.521875 0.5234375 0.521875 0.5234375 0.58125 0.55 0.58125 0.55 0.521875
0 0.5703125 0.6625 0.5546875 0.6625 0.5546875 0.7015625 0.5703125 0.7015625 0.5703125 0.6625
0 0.540625 0.590625 0.51875 0.590625 0.51875 0.6171875 0.540625 0.6171875 0.540625 0.590625
0 0.4875 0.5953125 0.4609375 0.5953125 0.4609375 0.61875 0.4875 0.61875 0.4875 0.5953125
0 0.528125 0.621875 0.4984375 0.621875 0.4984375 0.653125 0.528125 0.653125 0.528125 0.621875
0 0.4484375 0.6765625 0.425 0.6765625 0.425 0.709375 0.4484375 0.709375 0.4484375 0.6765625
0 0.3828125 0.5609375 0.3578125 0.5609375 0.3578125 0.590625 0.3828125 0.590625 0.3828125 0.5609375
0 0.4203125 0.4390625 0.3875 0.4390625 0.3875 0.471875 0.4203125 0.471875 0.4203125 0.4390625
0 0.48125 0.4328125 0.44375 0.4328125 0.44375 0.4671875 0.48125 0.4671875 0.48125 0.4328125
0 0.471875 0.29375 0.43125 0.29375 0.43125 0.3359375 0.471875 0.3359375 0.471875 0.29375
0 0.403125 0.3046875 0.3671875 0.3046875 0.3671875 0.346875 0.403125 0.346875 0.403125 0.3046875
0 0.33125 0.284375 0.309375 0.284375 0.309375 0.328125 0.33125 0.328125 0.33125 0.284375
0 0.3390625 0.3484375 0.3203125 0.3484375 0.3203125 0.384375 0.3390625 0.384375 0.3390625 0.3484375
0 0.35625 0.3796875 0.3359375 0.3796875 0.3359375 0.4140625 0.35625 0.4140625 0.35625 0.3796875
0 0.3296875 0.4203125 0.3046875 0.4203125 0.3046875 0.4515625 0.3296875 0.4515625 0.3296875 0.4203125
0 0.3234375 0.4578125 0.3 0.4578125 0.3 0.503125 0.3234375 0.503125 0.3234375 0.4578125
0 0.334375 0.509375 0.3078125 0.509375 0.3078125 0.5484375 0.334375 0.5484375 0.334375 0.509375