0 0.809375 0.30625 0.8296875 0.30625 0.8296875 0.26875 0.809375 0.26875 0.809375 0.30625
0 0.8046875 0.3484375 0.825 0.3484375 0.825 0.3078125 0.8046875 0.3078125 0.8046875 0.3484375
0 0.7796875 0.3703125 0.8 0.3703125 0.8 0.3359375 0.7796875 0.3359375 0.7796875 0.3703125
0 0.6453125 0.390625 0.6875 0.390625 0.6875 0.346875 0.6453125 0.346875 0.6453125 0.390625
0 0.5734375 0.446875 0.6015625 0.446875 0.6015625 0.39375 0.5734375 0.39375 0.5734375 0.446875
0 0.4703125 0.4484375 0.4953125 0.4484375 0.4953125 0.4203125 0.4703125 0.4203125 0.4703125 0.4484375
0 0.3171875 0.3421875 0.34375 0.3421875 0.34375 0.31875 0.3171875 0.31875 0.3171875 0.3421875
0 0.64375 0.5890625 0.6640625 0.5890625 0.6640625 0.5453125 0.64375 0.5453125 0.64375 0.5890625
0 0.5265625 0.540625 0.54375 0.540625 0.54375 0.509375 0.5265625 0.509375 0.5265625 0.540625
0 0.578125 0.6671875 0.59375 0.6671875 0.59375 0.6390625 0.578125 0.6390625 0.578125 0.6671875
0 0.6 0.6703125 0.6234375 0.6703125 0.6234375 0.6328125 0.6 0.6328125 0.6 0.6703125
0 0.4875 0.5640625 0.51875 0.5640625 0.51875 0.5265625 0.4875 0.5265625 0.4875 0.5640625
0 0.44375 0.625 0.471875 0.625 0.471875 0.575 0.44375 0.575 0.44375 0.625
0 0.3875 0.621875 0.4109375 0.621875 0.4109375 0.59375 0.3875 0.59375 0.3875 0.621875
0 0.3765625 0.6703125 0.390625 0.6703125 0.390625 0.640625 0.3765625 0.640625 0.3765625 0.6703125
0 0.3078125 0.6265625 0.3375 0.6265625 0.3375 0.590625 0.3078125 0.590625 0.3078125 0.6265625