0 0.171875 0.30625 0.1921875 0.30625 0.1921875 0.26875 0.171875 0.26875 0.171875 0.30625
0 0.175 0.3484375 0.1953125 0.3484375 0.1953125 0.3078125 0.175 0.3078125 0.175 0.3484375
0 0.2015625 0.3703125 0.221875 0.3703125 0.221875 0.3359375 0.2015625 0.3359375 0.2015625 0.3703125
0 0.3125 0.390625 0.3546875 0.390625 0.3546875 0.346875 0.3125 0.346875 0.3125 0.390625
0 0.3984375 0.446875 0.4265625 0.446875 0.4265625 0.39375 0.3984375 0.39375 0.3984375 0.446875
0 0.5046875 0.4484375 0.5296875 0.4484375 0.5296875 0.4203125 0.5046875 0.4203125 0.5046875 0.4484375
0 0.6578125 0.34375 0.6828125 0.34375 0.6828125 0.31875 0.6578125 0.31875 0.6578125 0.34375
0 0.3359375 0.5890625 0.35625 0.5890625 0.35625 0.5453125 0.3359375 0.5453125 0.3359375 0.5890625
0 0.4578125 0.540625 0.475 0.540625 0.475 0.509375 0.4578125 0.509375 0.4578125 0.540625
0 0.4078125 0.6671875 0.4234375 0.6671875 0.4234375 0.6390625 0.4078125 0.6390625 0.4078125 0.6671875
0 0.3765625 0.6703125 0.4 0.6703125 0.4 0.6328125 0.3765625 0.6328125 0.3765625 0.6703125
0 0.48125 0.5640625 0.5125 0.5640625 0.5125 0.5265625 0.48125 0.5265625 0.48125 0.5640625
0 0.528125 0.625 0.55625 0.625 0.55625 0.575 0.528125 0.575 0.528125 0.625
0 0.590625 0.621875 0.6140625 0.621875 0.6140625 0.59375 0.590625 0.59375 0.590625 0.621875
0 0.609375 0.671875 0.625 0.671875 0.625 0.640625 0.609375 0.640625 0.609375 0.671875
0 0.6640625 0.6265625 0.69375 0.6265625 0.69375 0.590625 0.6640625 0.590625 0.6640625 0.6265625