0 0.6171875 0.296875 0.5828125 0.296875 0.5828125 0.325 0.6171875 0.325 0.6171875 0.296875
0 0.6078125 0.3421875 0.5796875 0.3421875 0.5796875 0.3765625 0.6078125 0.3765625 0.6078125 0.3421875
0 0.596875 0.425 0.575 0.425 0.575 0.465625 0.596875 0.465625 0.596875 0.425
0 0.6046875 0.5140625 0.5703125 0.5140625 0.5703125 0.5453125 0.6046875 0.5453125 0.6046875 0.5140625
0 0.5796875 0.54375 0.55 0.54375 0.55 0.590625 0.5796875 0.590625 0.5796875 0.54375
0 0.5109375 0.45625 0.4859375 0.45625 0.4859375 0.4921875 0.5109375 0.4921875 0.5109375 0.45625
0 0.5 0.35625 0.478125 0.35625 0.478125 0.396875 0.5 0.396875 0.5 0.35625
0 0.45 0.39375 0.4328125 0.39375 0.4328125 0.4359375 0.45 0.4359375 0.45 0.39375
0 0.41875 0.3515625 0.3890625 0.3515625 0.3890625 0.3890625 0.41875 0.3890625 0.41875 0.3515625
0 0.3734375 0.4140625 0.3453125 0.4140625 0.3453125 0.453125 0.3734375 0.453125 0.3734375 0.4140625
0 0.3515625 0.465625 0.3296875 0.465625 0.3296875 0.5015625 0.3515625 0.5015625 0.3515625 0.465625
0 0.38125 0.4671875 0.35625 0.4671875 0.35625 0.5015625 0.38125 0.5015625 0.38125 0.4671875
0 0.40625 0.475 0.384375 0.475 0.384375 0.5125 0.40625 0.5125 0.40625 0.475
0 0.3375 0.6859375 0.309375 0.6859375 0.309375 0.7109375 0.3375 0.7109375 0.3375 0.6859375
0 0.36875 0.7328125 0.34375 0.7328125 0.34375 0.76875 0.36875 0.76875 0.36875 0.7328125
0 0.4 0.6 0.3640625 0.6 0.3640625 0.628125 0.4 0.628125 0.4 0.6
0 0.4890625 0.5828125 0.4671875 0.5828125 0.4671875 0.60625 0.4890625 0.60625 0.4890625 0.5828125
0 0.471875 0.615625 0.4484375 0.615625 0.4484375 0.64375 0.471875 0.64375 0.471875 0.615625
0 0.503125 0.6734375 0.4703125 0.6734375 0.4703125 0.7296875 0.503125 0.7296875 0.503125 0.6734375
0 0.45113046093750003 0.6344221796875 0.4247204421875 0.615164871875 0.4128151171875 0.631492171875 0.4392251375 0.6507494796875 0.45113046093750003 0.6344221796875
0 0.4292082796875 0.63662624375 0.4002267578125 0.6307870359375001 0.396688371875 0.648348975 0.42566989375000003 0.65418818125 0.4292082796875 0.63662624375