0 0.64375 0.6359375 0.6859375 0.6359375 0.6859375 0.6046875 0.64375 0.6046875 0.64375 0.6359375
0 0.646875 0.5625 0.6703125 0.5625 0.6703125 0.51875 0.646875 0.51875 0.646875 0.5625
0 0.6140625 0.515625 0.634375 0.515625 0.634375 0.4640625 0.6140625 0.4640625 0.6140625 0.515625
0 0.5875 0.4390625 0.6171875 0.4390625 0.6171875 0.4109375 0.5875 0.4109375 0.5875 0.4390625
0 0.5796875 0.5234375 0.596875 0.5234375 0.596875 0.490625 0.5796875 0.490625 0.5796875 0.5234375
0 0.559375 0.6703125 0.5875 0.6703125 0.5875 0.64375 0.559375 0.64375 0.559375 0.6703125
0 0.5 0.5421875 0.5203125 0.5421875 0.5203125 0.5015625 0.5 0.5015625 0.5 0.5421875
0 0.484375 0.4890625 0.5078125 0.4890625 0.5078125 0.459375 0.484375 0.459375 0.484375 0.4890625
0 0.584375 0.3828125 0.603125 0.3828125 0.603125 0.346875 0.584375 0.346875 0.584375 0.3828125
0 0.5609375 0.334375 0.5828125 0.334375 0.5828125 0.30625 0.5609375 0.30625 0.5609375 0.334375
0 0.559375 0.39375 0.5796875 0.39375 0.5796875 0.359375 0.559375 0.359375 0.559375 0.39375
0 0.5234375 0.365625 0.553125 0.365625 0.553125 0.334375 0.5234375 0.334375 0.5234375 0.365625
0 0.4640625 0.3390625 0.496875 0.3390625 0.496875 0.3125 0.4640625 0.3125 0.4640625 0.3390625
0 0.415625 0.34375 0.4375 0.34375 0.4375 0.3015625 0.415625 0.3015625 0.415625 0.34375
0 0.4171875 0.39375 0.440625 0.39375 0.440625 0.3578125 0.4171875 0.3578125 0.4171875 0.39375
0 0.346875 0.4203125 0.371875 0.4203125 0.371875 0.3875 0.346875 0.3875 0.346875 0.4203125
0 0.359375 0.4890625 0.3765625 0.4890625 0.3765625 0.45 0.359375 0.45 0.359375 0.4890625
0 0.4140625 0.5890625 0.434375 0.5890625 0.434375 0.559375 0.4140625 0.559375 0.4140625 0.5890625
0 0.4359375 0.6546875 0.4578125 0.6546875 0.4578125 0.6203125 0.4359375 0.6203125 0.4359375 0.6546875
0 0.4296875 0.6953125 0.4515625 0.6953125 0.4515625 0.6625 0.4296875 0.6625 0.4296875 0.6953125
0 0.39375 0.6171875 0.4140625 0.6171875 0.4140625 0.5921875 0.39375 0.5921875 0.39375 0.6171875
0 0.35 0.615625 0.3703125 0.615625 0.3703125 0.5671875 0.35 0.5671875 0.35 0.615625
0 0.3203125 0.6421875 0.3390625 0.6421875 0.3390625 0.6140625 0.3203125 0.6140625 0.3203125 0.6421875
0 0.3484375 0.69375 0.3703125 0.69375 0.3703125 0.6640625 0.3484375 0.6640625 0.3484375 0.69375