0 0.309375 0.296875 0.3640625 0.296875 0.3640625 0.2640625 0.309375 0.2640625 0.309375 0.296875
0 0.31875 0.359375 0.353125 0.359375 0.353125 0.3171875 0.31875 0.3171875 0.31875 0.359375
0 0.31875 0.434375 0.365625 0.434375 0.365625 0.396875 0.31875 0.396875 0.31875 0.434375
0 0.428125 0.4140625 0.459375 0.4140625 0.459375 0.3828125 0.428125 0.3828125 0.428125 0.4140625
0 0.471875 0.4171875 0.503125 0.4171875 0.503125 0.3890625 0.471875 0.3890625 0.471875 0.4171875
0 0.40625 0.515625 0.4375 0.515625 0.4375 0.478125 0.40625 0.478125 0.40625 0.515625
0 0.4109375 0.5515625 0.4453125 0.5515625 0.4453125 0.5203125 0.4109375 0.5203125 0.4109375 0.5515625
0 0.490625 0.284375 0.540625 0.284375 0.540625 0.25625 0.490625 0.25625 0.490625 0.284375
0 0.609375 0.275 0.634375 0.275 0.634375 0.2578125 0.609375 0.2578125 0.609375 0.275
0 0.6203125 0.2921875 0.65625 0.2921875 0.65625 0.275 0.6203125 0.275 0.6203125 0.2921875
0 0.565625 0.3140625 0.6125 0.3140625 0.6125 0.2953125 0.565625 0.2953125 0.565625 0.3140625
0 0.6140625 0.334375 0.6390625 0.334375 0.6390625 0.31875 0.6140625 0.31875 0.6140625 0.334375
0 0.6046875 0.378125 0.6359375 0.378125 0.6359375 0.346875 0.6046875 0.346875 0.6046875 0.378125
0 0.5640625 0.4859375 0.6 0.4859375 0.6 0.4421875 0.5640625 0.4421875 0.5640625 0.4859375
0 0.625 0.5453125 0.65625 0.5453125 0.65625 0.5125 0.625 0.5125 0.625 0.5453125
0 0.69375 0.4984375 0.725 0.4984375 0.725 0.45625 0.69375 0.45625 0.69375 0.4984375
0 0.56875 0.5671875 0.603125 0.5671875 0.603125 0.5421875 0.56875 0.5421875 0.56875 0.5671875
0 0.5203125 0.6171875 0.5484375 0.6171875 0.5484375 0.5890625 0.5203125 0.5890625 0.5203125 0.6171875
0 0.4578125 0.6703125 0.4890625 0.6703125 0.4890625 0.6390625 0.4578125 0.6390625 0.4578125 0.6703125
0 0.4265625 0.6890625 0.4578125 0.6890625 0.4578125 0.6703125 0.4265625 0.6703125 0.4265625 0.6890625
0 0.3625 0.7125 0.4 0.7125 0.4 0.6796875 0.3625 0.6796875 0.3625 0.7125
0 0.39375 0.734375 0.4375 0.734375 0.4375 0.715625 0.39375 0.715625 0.39375 0.734375
0 0.4484375 0.7171875 0.4828125 0.7171875 0.4828125 0.69375 0.4484375 0.69375 0.4484375 0.7171875
0 0.6890625 0.384375 0.7234375 0.384375 0.7234375 0.3625 0.6890625 0.3625 0.6890625 0.384375