0 0.578125 0.609375 0.6203125 0.609375 0.6203125 0.584375 0.578125 0.584375 0.578125 0.609375
0 0.584375 0.6671875 0.6234375 0.6671875 0.6234375 0.63125 0.584375 0.63125 0.584375 0.6671875
0 0.5203125 0.49375 0.5671875 0.49375 0.5671875 0.465625 0.5203125 0.465625 0.5203125 0.49375
0 0.5046875 0.528125 0.5421875 0.528125 0.5421875 0.49375 0.5046875 0.49375 0.5046875 0.528125
0 0.59375 0.425 0.646875 0.425 0.646875 0.403125 0.59375 0.403125 0.59375 0.425
0 0.54375 0.38125 0.59375 0.38125 0.59375 0.35 0.54375 0.35 0.54375 0.38125
0 0.5953125 0.3515625 0.65 0.3515625 0.65 0.3203125 0.5953125 0.3203125 0.5953125 0.3515625
0 0.4875 0.3265625 0.515625 0.3265625 0.515625 0.2921875 0.4875 0.2921875 0.4875 0.3265625
0 0.3515625 0.2859375 0.39375 0.2859375 0.39375 0.25625 0.3515625 0.25625 0.3515625 0.2859375
0 0.2640625 0.2609375 0.3109375 0.2609375 0.3109375 0.2328125 0.2640625 0.2328125 0.2640625 0.2609375
0 0.4125 0.2796875 0.44375 0.2796875 0.44375 0.259375 0.4125 0.259375 0.4125 0.2796875
0 0.3703125 0.31875 0.409375 0.31875 0.409375 0.29375 0.3703125 0.29375 0.3703125 0.31875
0 0.4140625 0.309375 0.4609375 0.309375 0.4609375 0.28125 0.4140625 0.28125 0.4140625 0.309375
0 0.40625 0.353125 0.434375 0.353125 0.434375 0.325 0.40625 0.325 0.40625 0.353125
0 0.4421875 0.409375 0.465625 0.409375 0.465625 0.3875 0.4421875 0.3875 0.4421875 0.409375
0 0.3984375 0.4265625 0.4328125 0.4265625 0.4328125 0.40625 0.3984375 0.40625 0.3984375 0.4265625
0 0.403125 0.4546875 0.4390625 0.4546875 0.4390625 0.434375 0.403125 0.434375 0.403125 0.4546875
0 0.4265625 0.475 0.465625 0.475 0.465625 0.45625 0.4265625 0.45625 0.4265625 0.475
0 0.4296875 0.503125 0.4734375 0.503125 0.4734375 0.48125 0.4296875 0.48125 0.4296875 0.503125
0 0.4234375 0.553125 0.4671875 0.553125 0.4671875 0.5328125 0.4234375 0.5328125 0.4234375 0.553125
0 0.440625 0.6 0.475 0.6 0.475 0.575 0.440625 0.575 0.440625 0.6
0 0.428125 0.6828125 0.4625 0.6828125 0.4625 0.6421875 0.428125 0.6421875 0.428125 0.6828125
0 0.33125 0.715625 0.36875 0.715625 0.36875 0.690625 0.33125 0.690625 0.33125 0.715625
0 0.2609375 0.6265625 0.2953125 0.6265625 0.2953125 0.603125 0.2609375 0.603125 0.2609375 0.6265625
0 0.303125 0.634375 0.346875 0.634375 0.346875 0.609375 0.303125 0.609375 0.303125 0.634375
0 0.3484375 0.6296875 0.3765625 0.6296875 0.3765625 0.6046875 0.3484375 0.6046875 0.3484375 0.6296875
0 0.325 0.484375 0.371875 0.484375 0.371875 0.46875 0.325 0.46875 0.325 0.484375
0 0.2953125 0.4375 0.3296875 0.4375 0.3296875 0.40625 0.2953125 0.40625 0.2953125 0.4375
0 0.225 0.4609375 0.2625 0.4609375 0.2625 0.41875 0.225 0.41875 0.225 0.4609375
0 0.21875 0.3328125 0.271875 0.3328125 0.271875 0.3109375 0.21875 0.3109375 0.21875 0.3328125
0 0.309375 0.3421875 0.3484375 0.3421875 0.3484375 0.325 0.309375 0.325 0.309375 0.3421875
0 0.3 0.38125 0.3359375 0.38125 0.3359375 0.353125 0.3 0.353125 0.3 0.38125
0 0.26875 0.3640625 0.303125 0.3640625 0.303125 0.3203125 0.26875 0.3203125 0.26875 0.3640625
0 0.34375 0.3625 0.36875 0.3625 0.36875 0.3453125 0.34375 0.3453125 0.34375 0.3625