0 0.75625 0.33125 0.7375 0.33125 0.7375 0.36875 0.75625 0.36875 0.75625 0.33125
0 0.746875 0.3796875 0.7296875 0.3796875 0.7296875 0.4109375 0.746875 0.4109375 0.746875 0.3796875
0 0.728125 0.34375 0.7125 0.34375 0.7125 0.3765625 0.728125 0.3765625 0.728125 0.34375
0 0.7265625 0.3765625 0.7140625 0.3765625 0.7140625 0.3953125 0.7265625 0.3953125 0.7265625 0.3765625
0 0.70625 0.38125 0.6765625 0.38125 0.6765625 0.425 0.70625 0.425 0.70625 0.38125
0 0.6984375 0.425 0.6765625 0.425 0.6765625 0.453125 0.6984375 0.453125 0.6984375 0.425
0 0.671875 0.4125 0.65 0.4125 0.65 0.434375 0.671875 0.434375 0.671875 0.4125
0 0.6421875 0.4125 0.615625 0.4125 0.615625 0.4375 0.6421875 0.4375 0.6421875 0.4125
0 0.59375 0.45625 0.56875 0.45625 0.56875 0.4875 0.59375 0.4875 0.59375 0.45625
0 0.6984375 0.6625 0.659375 0.6625 0.659375 0.6875 0.6984375 0.6875 0.6984375 0.6625
0 0.70625 0.578125 0.6796875 0.578125 0.6796875 0.60625 0.70625 0.60625 0.70625 0.578125
0 0.678125 0.5890625 0.6625 0.5890625 0.6625 0.6234375 0.678125 0.6234375 0.678125 0.5890625
0 0.6921875 0.6046875 0.6765625 0.6046875 0.6765625 0.625 0.6921875 0.625 0.6921875 0.6046875
0 0.609375 0.6265625 0.59375 0.6265625 0.59375 0.653125 0.609375 0.653125 0.609375 0.6265625
0 0.575 0.5625 0.5515625 0.5625 0.5515625 0.59375 0.575 0.59375 0.575 0.5625
0 0.5953125 0.65 0.5625 0.65 0.5625 0.6890625 0.5953125 0.6890625 0.5953125 0.65
0 0.5125 0.571875 0.4953125 0.571875 0.4953125 0.6140625 0.5125 0.6140625 0.5125 0.571875
0 0.5234375 0.6703125 0.5015625 0.6703125 0.5015625 0.7140625 0.5234375 0.7140625 0.5234375 0.6703125
0 0.5375 0.3984375 0.5203125 0.3984375 0.5203125 0.45 0.5375 0.45 0.5375 0.3984375
0 0.4953125 0.4046875 0.4703125 0.4046875 0.4703125 0.4390625 0.4953125 0.4390625 0.4953125 0.4046875
0 0.490625 0.4421875 0.4671875 0.4421875 0.4671875 0.4765625 0.490625 0.4765625 0.490625 0.4421875
0 0.4375 0.4765625 0.4203125 0.4765625 0.4203125 0.5140625 0.4375 0.5140625 0.4375 0.4765625
0 0.43125 0.55625 0.409375 0.55625 0.409375 0.5984375 0.43125 0.5984375 0.43125 0.55625
0 0.38125 0.61875 0.35625 0.61875 0.35625 0.6734375 0.38125 0.6734375 0.38125 0.61875