0 0.6625 0.3125 0.6296875 0.3125 0.6296875 0.340625 0.6625 0.340625 0.6625 0.3125
0 0.509375 0.2046875 0.484375 0.2046875 0.484375 0.2375 0.509375 0.2375 0.509375 0.2046875
0 0.51875 0.2640625 0.4859375 0.2640625 0.4859375 0.303125 0.51875 0.303125 0.51875 0.2640625
0 0.5015625 0.35 0.475 0.35 0.475 0.3828125 0.5015625 0.3828125 0.5015625 0.35
0 0.44375 0.3484375 0.4109375 0.3484375 0.4109375 0.378125 0.44375 0.378125 0.44375 0.3484375
0 0.375 0.3953125 0.3421875 0.3953125 0.3421875 0.4359375 0.375 0.4359375 0.375 0.3953125
0 0.4140625 0.4390625 0.3890625 0.4390625 0.3890625 0.4765625 0.4140625 0.4765625 0.4140625 0.4390625
0 0.475 0.4078125 0.4515625 0.4078125 0.4515625 0.4421875 0.475 0.4421875 0.475 0.4078125
0 0.478125 0.478125 0.4609375 0.478125 0.4609375 0.53125 0.478125 0.53125 0.478125 0.478125
0 0.490625 0.7109375 0.4671875 0.7109375 0.4671875 0.753125 0.490625 0.753125 0.490625 0.7109375
0 0.428125 0.7171875 0.40625 0.7171875 0.40625 0.7609375 0.428125 0.7609375 0.428125 0.7171875
0 0.359375 0.64375 0.3328125 0.64375 0.3328125 0.684375 0.359375 0.684375 0.359375 0.64375
0 0.709375 0.7390625 0.678125 0.7390625 0.678125 0.765625 0.709375 0.765625 0.709375 0.7390625
0 0.6953125 0.684375 0.6625 0.684375 0.6625 0.7140625 0.6953125 0.7140625 0.6953125 0.684375
0 0.696875 0.64375 0.6625 0.64375 0.6625 0.66875 0.696875 0.66875 0.696875 0.64375
0 0.625 0.65 0.596875 0.65 0.596875 0.675 0.625 0.675 0.625 0.65
0 0.634375 0.6875 0.609375 0.6875 0.609375 0.7140625 0.634375 0.7140625 0.634375 0.6875
0 0.578125 0.6421875 0.55625 0.6421875 0.55625 0.68125 0.578125 0.68125 0.578125 0.6421875