0 0.359375 0.3625 0.3171875 0.3625 0.3171875 0.390625 0.359375 0.390625 0.359375 0.3625
0 0.3875 0.4234375 0.353125 0.4234375 0.353125 0.4546875 0.3875 0.4546875 0.3875 0.4234375
0 0.4265625 0.3703125 0.384375 0.3703125 0.384375 0.3859375 0.4265625 0.3859375 0.4265625 0.3703125
0 0.4875 0.4546875 0.459375 0.4546875 0.459375 0.4921875 0.4875 0.4921875 0.4875 0.4546875
0 0.4546875 0.55 0.4125 0.55 0.4125 0.575 0.4546875 0.575 0.4546875 0.55
0 0.3171574109375 0.5803495578125 0.2842858546875 0.5506258296875 0.2740464796875 0.5619495828125001 0.3069180359375 0.5916733125 0.3171574109375 0.5803495578125
0 0.33987635625 0.5498719828125 0.29986744062500004 0.5446463296874999 0.2976591359375 0.561553665625 0.3376680515625 0.56677931875 0.33987635625 0.5498719828125
0 0.6796875 0.6078125 0.64375 0.6078125 0.64375 0.6265625 0.6796875 0.6265625 0.6796875 0.6078125
0 0.6609375 0.5609375 0.6328125 0.5609375 0.6328125 0.5765625 0.6609375 0.5765625 0.6609375 0.5609375
0 0.571875 0.584375 0.54375 0.584375 0.54375 0.6140625 0.571875 0.6140625 0.571875 0.584375
0 0.5546875 0.55 0.5140625 0.55 0.5140625 0.575 0.5546875 0.575 0.5546875 0.55
0 0.6125 0.53125 0.56875 0.53125 0.56875 0.55 0.6125 0.55 0.6125 0.53125
0 0.3953125 0.5875 0.3609375 0.5875 0.3609375 0.60625 0.3953125 0.60625 0.3953125 0.5875
0 0.378125 0.640625 0.340625 0.640625 0.340625 0.659375 0.378125 0.659375 0.378125 0.640625
0 0.390625 0.61875 0.3625 0.61875 0.3625 0.6390625 0.390625 0.6390625 0.390625 0.61875
0 0.421875 0.6359375 0.3875 0.6359375 0.3875 0.653125 0.421875 0.653125 0.421875 0.6359375
0 0.4265625 0.6109375 0.3890625 0.6109375 0.3890625 0.6359375 0.4265625 0.6359375 0.4265625 0.6109375