0 0.690625 0.6421875 0.7140625 0.6421875 0.7140625 0.5859375 0.690625 0.5859375 0.690625 0.6421875
0 0.565625 0.6625 0.59375 0.6625 0.59375 0.628125 0.565625 0.628125 0.565625 0.6625
0 0.5828125 0.5890625 0.6078125 0.5890625 0.6078125 0.5578125 0.5828125 0.5578125 0.5828125 0.5890625
0 0.5640625 0.5046875 0.5890625 0.5046875 0.5890625 0.4671875 0.5640625 0.4671875 0.5640625 0.5046875
0 0.5328125 0.4765625 0.5578125 0.4765625 0.5578125 0.41875 0.5328125 0.41875 0.5328125 0.4765625
0 0.53125 0.36875 0.5609375 0.36875 0.5609375 0.334375 0.53125 0.334375 0.53125 0.36875
0 0.5828125 0.390625 0.6046875 0.390625 0.6046875 0.35 0.5828125 0.35 0.5828125 0.390625
0 0.6359375 0.4125 0.6578125 0.4125 0.6578125 0.384375 0.6359375 0.384375 0.6359375 0.4125
0 0.6515625 0.44375 0.6890625 0.44375 0.6890625 0.4125 0.6515625 0.4125 0.6515625 0.44375
0 0.6375 0.3359375 0.665625 0.3359375 0.665625 0.2953125 0.6375 0.2953125 0.6375 0.3359375
0 0.4578125 0.31875 0.4765625 0.31875 0.4765625 0.278125 0.4578125 0.278125 0.4578125 0.31875
0 0.4671875 0.3984375 0.4890625 0.3984375 0.4890625 0.3515625 0.4671875 0.3515625 0.4671875 0.3984375
0 0.434375 0.4625 0.459375 0.4625 0.459375 0.434375 0.434375 0.434375 0.434375 0.4625
0 0.4171875 0.55 0.4453125 0.55 0.4453125 0.51875 0.4171875 0.51875 0.4171875 0.55
0 0.3625 0.5703125 0.390625 0.5703125 0.390625 0.5421875 0.3625 0.5421875 0.3625 0.5703125
0 0.3265625 0.56875 0.346875 0.56875 0.346875 0.5109375 0.3265625 0.5109375 0.3265625 0.56875
0 0.290625 0.4453125 0.3140625 0.4453125 0.3140625 0.4203125 0.290625 0.4203125 0.290625 0.4453125
0 0.325 0.4171875 0.3546875 0.4171875 0.3546875 0.3859375 0.325 0.3859375 0.325 0.4171875
0 0.35625 0.425 0.36875 0.425 0.36875 0.3875 0.35625 0.3875 0.35625 0.425
0 0.3828125 0.4421875 0.3984375 0.4421875 0.3984375 0.4015625 0.3828125 0.4015625 0.3828125 0.4421875
0 0.3953125 0.5 0.4078125 0.5 0.4078125 0.46875 0.3953125 0.46875 0.3953125 0.5
0 0.396875 0.4640625 0.4125 0.4640625 0.4125 0.428125 0.396875 0.428125 0.396875 0.4640625