0 0.328125 0.3640625 0.30625 0.3640625 0.30625 0.4109375 0.328125 0.4109375 0.328125 0.3640625
0 0.5046875 0.346875 0.4765625 0.346875 0.4765625 0.36875 0.5046875 0.36875 0.5046875 0.346875
0 0.45625 0.3796875 0.425 0.3796875 0.425 0.43125 0.45625 0.43125 0.45625 0.3796875
0 0.40625 0.4640625 0.3828125 0.4640625 0.3828125 0.515625 0.40625 0.515625 0.40625 0.4640625
0 0.346875 0.553125 0.315625 0.553125 0.315625 0.5890625 0.346875 0.5890625 0.346875 0.553125
0 0.4734375 0.5296875 0.45 0.5296875 0.45 0.5625 0.4734375 0.5625 0.4734375 0.5296875
0 0.509375 0.584375 0.478125 0.584375 0.478125 0.609375 0.509375 0.609375 0.509375 0.584375
0 0.446875 0.678125 0.415625 0.678125 0.415625 0.709375 0.446875 0.709375 0.446875 0.678125
0 0.421875 0.7203125 0.403125 0.7203125 0.403125 0.7515625 0.421875 0.7515625 0.421875 0.7203125
0 0.5703125 0.596875 0.553125 0.596875 0.553125 0.61875 0.5703125 0.61875 0.5703125 0.596875
0 0.609375 0.5953125 0.571875 0.5953125 0.571875 0.63125 0.609375 0.63125 0.609375 0.5953125
0 0.4890625 0.44375 0.4671875 0.44375 0.4671875 0.48125 0.4890625 0.48125 0.4890625 0.44375
0 0.5125 0.4203125 0.490625 0.4203125 0.490625 0.4515625 0.5125 0.4515625 0.5125 0.4203125
0 0.396875 0.3328125 0.378125 0.3328125 0.378125 0.3984375 0.396875 0.3984375 0.396875 0.3328125
0 0.625 0.43125 0.59375 0.43125 0.59375 0.4703125 0.625 0.4703125 0.625 0.43125
0 0.6109375 0.4796875 0.5875 0.4796875 0.5875 0.5171875 0.6109375 0.5171875 0.6109375 0.4796875
0 0.6546875 0.4765625 0.6296875 0.4765625 0.6296875 0.5203125 0.6546875 0.5203125 0.6546875 0.4765625
0 0.66875 0.5453125 0.64375 0.5453125 0.64375 0.5765625 0.66875 0.5765625 0.66875 0.5453125
0 0.684375 0.60625 0.6484375 0.60625 0.6484375 0.64375 0.684375 0.64375 0.684375 0.60625
0 0.675 0.6828125 0.640625 0.6828125 0.640625 0.7078125 0.675 0.7078125 0.675 0.6828125
0 0.690625 0.703125 0.66875 0.703125 0.66875 0.7421875 0.690625 0.7421875 0.690625 0.703125
0 0.6328125 0.734375 0.5984375 0.734375 0.5984375 0.76875 0.6328125 0.76875 0.6328125 0.734375