0 0.34375 0.3 0.3125 0.3 0.3125 0.33125 0.34375 0.33125 0.34375 0.3
0 0.4765625 0.3484375 0.4421875 0.3484375 0.4421875 0.378125 0.4765625 0.378125 0.4765625 0.3484375
0 0.6109375 0.3703125 0.5828125 0.3703125 0.5828125 0.4 0.6109375 0.4 0.6109375 0.3703125
0 0.5484375 0.41875 0.5234375 0.41875 0.5234375 0.446875 0.5484375 0.446875 0.5484375 0.41875
0 0.5421875 0.4484375 0.5171875 0.4484375 0.5171875 0.478125 0.5421875 0.478125 0.5421875 0.4484375
0 0.6296875 0.4984375 0.5890625 0.4984375 0.5890625 0.5265625 0.6296875 0.5265625 0.6296875 0.4984375
0 0.5328125 0.5328125 0.5015625 0.5328125 0.5015625 0.553125 0.5328125 0.553125 0.5328125 0.5328125
0 0.5953125 0.55625 0.5453125 0.55625 0.5453125 0.575 0.5953125 0.575 0.5953125 0.55625
0 0.5546875 0.628125 0.5109375 0.628125 0.5109375 0.6609375 0.5546875 0.6609375 0.5546875 0.628125
0 0.440625 0.5453125 0.4125 0.5453125 0.4125 0.5765625 0.440625 0.5765625 0.440625 0.5453125
0 0.403125 0.584375 0.371875 0.584375 0.371875 0.60625 0.403125 0.60625 0.403125 0.584375
0 0.325 0.54375 0.28125 0.54375 0.28125 0.5671875 0.325 0.5671875 0.325 0.54375