0 0.7203125 0.259375 0.7546875 0.259375 0.7546875 0.246875 0.7203125 0.246875 0.7203125 0.259375
0 0.728125 0.2953125 0.7671875 0.2953125 0.7671875 0.2765625 0.728125 0.2765625 0.728125 0.2953125
0 0.7375 0.4046875 0.7734375 0.4046875 0.7734375 0.3796875 0.7375 0.3796875 0.7375 0.4046875
0 0.6734375 0.6578125 0.7078125 0.6578125 0.7078125 0.6296875 0.6734375 0.6296875 0.6734375 0.6578125
0 0.5234375 0.5234375 0.5546875 0.5234375 0.5546875 0.4953125 0.5234375 0.4953125 0.5234375 0.5234375
0 0.45625 0.4828125 0.490625 0.4828125 0.490625 0.4578125 0.45625 0.4578125 0.45625 0.4828125
0 0.434375 0.378125 0.48125 0.378125 0.48125 0.340625 0.434375 0.340625 0.434375 0.378125
0 0.284375 0.3515625 0.328125 0.3515625 0.328125 0.3109375 0.284375 0.3109375 0.284375 0.3515625
0 0.2453125 0.403125 0.2765625 0.403125 0.2765625 0.371875 0.2453125 0.371875 0.2453125 0.403125
0 0.303125 0.6015625 0.33125 0.6015625 0.33125 0.5703125 0.303125 0.5703125 0.303125 0.6015625
0 0.36875 0.609375 0.4109375 0.609375 0.4109375 0.58125 0.36875 0.58125 0.36875 0.609375
0 0.3984375 0.6828125 0.4375 0.6828125 0.4375 0.65 0.3984375 0.65 0.3984375 0.6828125
0 0.3546875 0.721875 0.4109375 0.721875 0.4109375 0.69375 0.3546875 0.69375 0.3546875 0.721875