0 0.2515625 0.35625 0.3046875 0.35625 0.3046875 0.3375 0.2515625 0.3375 0.2515625 0.35625
0 0.3 0.4875 0.33125 0.4875 0.33125 0.45 0.3 0.45 0.3 0.4875
0 0.2734375 0.678125 0.3234375 0.678125 0.3234375 0.6484375 0.2734375 0.6484375 0.2734375 0.678125
0 0.3171875 0.7296875 0.3515625 0.7296875 0.3515625 0.7015625 0.3171875 0.7015625 0.3171875 0.7296875
0 0.4671875 0.7546875 0.4984375 0.7546875 0.4984375 0.7296875 0.4671875 0.7296875 0.4671875 0.7546875
0 0.5515625 0.7421875 0.5796875 0.7421875 0.5796875 0.7265625 0.5515625 0.7265625 0.5515625 0.7421875
0 0.5796875 0.7453125 0.6078125 0.7453125 0.6078125 0.7265625 0.5796875 0.7265625 0.5796875 0.7453125
0 0.5546875 0.70625 0.5953125 0.70625 0.5953125 0.6875 0.5546875 0.6875 0.5546875 0.70625
0 0.5 0.68125 0.534375 0.68125 0.534375 0.659375 0.5 0.659375 0.5 0.68125
0 0.403125 0.6390625 0.43125 0.6390625 0.43125 0.6171875 0.403125 0.6171875 0.403125 0.6390625
0 0.565625 0.60625 0.6046875 0.60625 0.6046875 0.58125 0.565625 0.58125 0.565625 0.60625
0 0.690625 0.625 0.7265625 0.625 0.7265625 0.60625 0.690625 0.60625 0.690625 0.625
0 0.728125 0.646875 0.78125 0.646875 0.78125 0.625 0.728125 0.625 0.728125 0.646875
0 0.6609375 0.571875 0.7015625 0.571875 0.7015625 0.55 0.6609375 0.55 0.6609375 0.571875
0 0.596875 0.50625 0.6203125 0.50625 0.6203125 0.4703125 0.596875 0.4703125 0.596875 0.50625
0 0.515625 0.5875 0.54375 0.5875 0.54375 0.565625 0.515625 0.565625 0.515625 0.5875
0 0.446875 0.5609375 0.4828125 0.5609375 0.4828125 0.5375 0.446875 0.5375 0.446875 0.5609375
0 0.3953125 0.528125 0.4453125 0.528125 0.4453125 0.50625 0.3953125 0.50625 0.3953125 0.528125
0 0.396875 0.5015625 0.43125 0.5015625 0.43125 0.471875 0.396875 0.471875 0.396875 0.5015625
0 0.4984375 0.5140625 0.5265625 0.5140625 0.5265625 0.4890625 0.4984375 0.4890625 0.4984375 0.5140625
0 0.5046875 0.4640625 0.546875 0.4640625 0.546875 0.4328125 0.5046875 0.4328125 0.5046875 0.4640625
0 0.4796875 0.4125 0.5234375 0.4125 0.5234375 0.3796875 0.4796875 0.3796875 0.4796875 0.4125
0 0.528125 0.3765625 0.5703125 0.3765625 0.5703125 0.3578125 0.528125 0.3578125 0.528125 0.3765625
0 0.5828125 0.359375 0.6203125 0.359375 0.6203125 0.33125 0.5828125 0.33125 0.5828125 0.359375
0 0.6375 0.334375 0.675 0.334375 0.675 0.315625 0.6375 0.315625 0.6375 0.334375
0 0.6265625 0.3109375 0.66875 0.3109375 0.66875 0.2953125 0.6265625 0.2953125 0.6265625 0.3109375
0 0.690625 0.3921875 0.725 0.3921875 0.725 0.3609375 0.690625 0.3609375 0.690625 0.3921875
0 0.6875 0.43125 0.71875 0.43125 0.71875 0.40625 0.6875 0.40625 0.6875 0.43125
0 0.6828125 0.521875 0.7203125 0.521875 0.7203125 0.5 0.6828125 0.5 0.6828125 0.521875