0 0.3671875 0.4 0.34375 0.4 0.34375 0.425 0.3671875 0.425 0.3671875 0.4
0 0.378125 0.5171875 0.35 0.5171875 0.35 0.5515625 0.378125 0.5515625 0.378125 0.5171875
0 0.3234375 0.6140625 0.2828125 0.6140625 0.2828125 0.65 0.3234375 0.65 0.3234375 0.6140625
0 0.3125 0.70625 0.278125 0.70625 0.278125 0.73125 0.3125 0.73125 0.3125 0.70625
0 0.4015625 0.6125 0.3703125 0.6125 0.3703125 0.64375 0.4015625 0.64375 0.4015625 0.6125
0 0.4109375 0.690625 0.3796875 0.690625 0.3796875 0.725 0.4109375 0.725 0.4109375 0.690625
0 0.3515625 0.684375 0.3078125 0.684375 0.3078125 0.7078125 0.3515625 0.7078125 0.3515625 0.684375
0 0.465625 0.471875 0.428125 0.471875 0.428125 0.509375 0.465625 0.509375 0.465625 0.471875
0 0.4234375 0.4015625 0.3984375 0.4015625 0.3984375 0.4328125 0.4234375 0.4328125 0.4234375 0.4015625
0 0.4171875 0.3421875 0.3921875 0.3421875 0.3921875 0.3734375 0.4171875 0.3734375 0.4171875 0.3421875
0 0.44375 0.35 0.421875 0.35 0.421875 0.39375 0.44375 0.39375 0.44375 0.35
0 0.484375 0.384375 0.453125 0.384375 0.453125 0.415625 0.484375 0.415625 0.484375 0.384375
0 0.56875 0.3703125 0.5515625 0.3703125 0.5515625 0.4078125 0.56875 0.4078125 0.56875 0.3703125
0 0.4984375 0.5953125 0.4734375 0.5953125 0.4734375 0.6265625 0.4984375 0.6265625 0.4984375 0.5953125
0 0.5546875 0.59375 0.5359375 0.59375 0.5359375 0.6171875 0.5546875 0.6171875 0.5546875 0.59375
0 0.5515625 0.5515625 0.5265625 0.5515625 0.5265625 0.5921875 0.5515625 0.5921875 0.5515625 0.5515625
0 0.540625 0.6390625 0.5125 0.6390625 0.5125 0.6796875 0.540625 0.6796875 0.540625 0.6390625
0 0.5390625 0.6859375 0.515625 0.6859375 0.515625 0.7203125 0.5390625 0.7203125 0.5390625 0.6859375
0 0.653125 0.684375 0.615625 0.684375 0.615625 0.715625 0.653125 0.715625 0.653125 0.684375
0 0.6234375 0.6078125 0.5828125 0.6078125 0.5828125 0.6390625 0.6234375 0.6390625 0.6234375 0.6078125
0 0.64375 0.5671875 0.6203125 0.5671875 0.6203125 0.6015625 0.64375 0.6015625 0.64375 0.5671875
0 0.625 0.4453125 0.6078125 0.4453125 0.6078125 0.4984375 0.625 0.4984375 0.625 0.4453125
0 0.6625 0.3796875 0.63125 0.3796875 0.63125 0.4046875 0.6625 0.4046875 0.6625 0.3796875
0 0.659375 0.4578125 0.6375 0.4578125 0.6375 0.4890625 0.659375 0.4890625 0.659375 0.4578125