0 0.603125 0.690625 0.659375 0.690625 0.659375 0.66875 0.603125 0.66875 0.603125 0.690625
0 0.6953125 0.603125 0.7421875 0.603125 0.7421875 0.584375 0.6953125 0.584375 0.6953125 0.603125
0 0.6546875 0.575 0.6859375 0.575 0.6859375 0.55 0.6546875 0.55 0.6546875 0.575
0 0.6734375 0.54375 0.7015625 0.54375 0.7015625 0.50625 0.6734375 0.50625 0.6734375 0.54375
0 0.709375 0.515625 0.75625 0.515625 0.75625 0.484375 0.709375 0.484375 0.709375 0.515625
0 0.7109375 0.48125 0.7421875 0.48125 0.7421875 0.44375 0.7109375 0.44375 0.7109375 0.48125
0 0.546875 0.540625 0.6 0.540625 0.6 0.5203125 0.546875 0.5203125 0.546875 0.540625
0 0.6203125 0.5296875 0.6453125 0.5296875 0.6453125 0.5015625 0.6203125 0.5015625 0.6203125 0.5296875
0 0.4625 0.575 0.49375 0.575 0.49375 0.5546875 0.4625 0.5546875 0.4625 0.575
0 0.4015625 0.584375 0.4375 0.584375 0.4375 0.559375 0.4015625 0.559375 0.4015625 0.584375
0 0.40625 0.54375 0.43125 0.54375 0.43125 0.51875 0.40625 0.51875 0.40625 0.54375
0 0.4109375 0.46875 0.4359375 0.46875 0.4359375 0.4375 0.4109375 0.4375 0.4109375 0.46875
0 0.3625 0.4515625 0.4 0.4515625 0.4 0.4234375 0.3625 0.4234375 0.3625 0.4515625
0 0.4399918171875 0.625536615625 0.4448921390625 0.64638000625 0.48169260625000004 0.63772814375 0.476792284375 0.616884753125 0.4399918171875 0.625536615625
0 0.40116058125 0.6182044890625 0.40698304375000005 0.6390076609374999 0.4653927234375 0.6226597625 0.45957026093750003 0.6018565890625001 0.40116058125 0.6182044890625
0 0.365625 0.303125 0.4 0.303125 0.4 0.2796875 0.365625 0.2796875 0.365625 0.303125
0 0.4203125 0.34375 0.4546875 0.34375 0.4546875 0.325 0.4203125 0.325 0.4203125 0.34375
0 0.4921875 0.3875 0.53125 0.3875 0.53125 0.35 0.4921875 0.35 0.4921875 0.3875
0 0.4875 0.446875 0.5265625 0.446875 0.5265625 0.40625 0.4875 0.40625 0.4875 0.446875
0 0.5578125 0.46875 0.59375 0.46875 0.59375 0.453125 0.5578125 0.453125 0.5578125 0.46875
0 0.5546875 0.44375 0.5890625 0.44375 0.5890625 0.415625 0.5546875 0.415625 0.5546875 0.44375
0 0.696875 0.3484375 0.734375 0.3484375 0.734375 0.3265625 0.696875 0.3265625 0.696875 0.3484375
0 0.6171875 0.41875 0.6421875 0.41875 0.6421875 0.3875 0.6171875 0.3875 0.6171875 0.41875
0 0.6125 0.384375 0.646875 0.384375 0.646875 0.371875 0.6125 0.371875 0.6125 0.384375
0 0.63125 0.3671875 0.6625 0.3671875 0.6625 0.3453125 0.63125 0.3453125 0.63125 0.3671875
0 0.596875 0.3171875 0.6359375 0.3171875 0.6359375 0.2921875 0.596875 0.2921875 0.596875 0.3171875
0 0.55625 0.33125 0.584375 0.33125 0.584375 0.303125 0.55625 0.303125 0.55625 0.33125
0 0.6180430765625 0.33050559062499996 0.6260026171875 0.3452789765625 0.6629050921874999 0.325396825 0.6549455531249999 0.3106234390625 0.6180430765625 0.33050559062499996