0 0.659375 0.3703125 0.6875 0.3703125 0.6875 0.3390625 0.659375 0.3390625 0.659375 0.3703125
0 0.7640625 0.515625 0.7953125 0.515625 0.7953125 0.490625 0.7640625 0.490625 0.7640625 0.515625
0 0.6984375 0.5140625 0.7375 0.5140625 0.7375 0.4828125 0.6984375 0.4828125 0.6984375 0.5140625
0 0.6171875 0.525 0.6515625 0.525 0.6515625 0.5 0.6171875 0.5 0.6171875 0.525
0 0.6234375 0.590625 0.6515625 0.590625 0.6515625 0.5578125 0.6234375 0.5578125 0.6234375 0.590625
0 0.565625 0.6578125 0.60625 0.6578125 0.60625 0.6265625 0.565625 0.6265625 0.565625 0.6578125
0 0.525 0.6109375 0.5625 0.6109375 0.5625 0.5859375 0.525 0.5859375 0.525 0.6109375
0 0.5578125 0.5484375 0.5921875 0.5484375 0.5921875 0.525 0.5578125 0.525 0.5578125 0.5484375
0 0.46875 0.540625 0.521875 0.540625 0.521875 0.521875 0.46875 0.521875 0.46875 0.540625
0 0.2484375 0.5328125 0.290625 0.5328125 0.290625 0.509375 0.2484375 0.509375 0.2484375 0.5328125
0 0.2390625 0.5953125 0.2828125 0.5953125 0.2828125 0.5734375 0.2390625 0.5734375 0.2390625 0.5953125
0 0.315625 0.6671875 0.35625 0.6671875 0.35625 0.6421875 0.315625 0.6421875 0.315625 0.6671875
0 0.2359375 0.321875 0.2609375 0.321875 0.2609375 0.290625 0.2359375 0.290625 0.2359375 0.321875
0 0.2859375 0.3375 0.3171875 0.3375 0.3171875 0.30625 0.2859375 0.30625 0.2859375 0.3375
0 0.33125 0.3375 0.35625 0.3375 0.35625 0.303125 0.33125 0.303125 0.33125 0.3375
0 0.325 0.403125 0.35 0.403125 0.35 0.375 0.325 0.375 0.325 0.403125
0 0.2859375 0.390625 0.3140625 0.390625 0.3140625 0.365625 0.2859375 0.365625 0.2859375 0.390625
0 0.31875 0.44375 0.3578125 0.44375 0.3578125 0.421875 0.31875 0.421875 0.31875 0.44375