0 0.2484375 0.38125 0.2765625 0.38125 0.2765625 0.3375 0.2484375 0.3375 0.2484375 0.38125
0 0.4328125 0.3859375 0.4625 0.3859375 0.4625 0.3390625 0.4328125 0.3390625 0.4328125 0.3859375
0 0.4546875 0.45625 0.4953125 0.45625 0.4953125 0.4203125 0.4546875 0.4203125 0.4546875 0.45625
0 0.3375 0.5453125 0.375 0.5453125 0.375 0.5140625 0.3375 0.5140625 0.3375 0.5453125
0 0.3453125 0.5953125 0.365625 0.5953125 0.365625 0.5578125 0.3453125 0.5578125 0.3453125 0.5953125
0 0.2625 0.615625 0.303125 0.615625 0.303125 0.590625 0.2625 0.590625 0.2625 0.615625
0 0.2296875 0.6875 0.2515625 0.6875 0.2515625 0.634375 0.2296875 0.634375 0.2296875 0.6875
0 0.2734375 0.70625 0.303125 0.70625 0.303125 0.6828125 0.2734375 0.6828125 0.2734375 0.70625
0 0.3046875 0.6828125 0.328125 0.6828125 0.328125 0.6671875 0.3046875 0.6671875 0.3046875 0.6828125
0 0.3171875 0.65 0.340625 0.65 0.340625 0.6109375 0.3171875 0.6109375 0.3171875 0.65
0 0.4046875 0.5796875 0.4265625 0.5796875 0.4265625 0.5328125 0.4046875 0.5328125 0.4046875 0.5796875
0 0.4171875 0.634375 0.4515625 0.634375 0.4515625 0.584375 0.4171875 0.584375 0.4171875 0.634375
0 0.471875 0.6984375 0.496875 0.6984375 0.496875 0.6640625 0.471875 0.6640625 0.471875 0.6984375
0 0.553125 0.6796875 0.5734375 0.6796875 0.5734375 0.6453125 0.553125 0.6453125 0.553125 0.6796875
0 0.578125 0.684375 0.6109375 0.684375 0.6109375 0.653125 0.578125 0.653125 0.578125 0.684375
0 0.525 0.5546875 0.5546875 0.5546875 0.5546875 0.51875 0.525 0.51875 0.525 0.5546875
0 0.6625 0.4359375 0.6875 0.4359375 0.6875 0.3984375 0.6625 0.3984375 0.6625 0.4359375