0 0.6109375 0.6453125 0.6359375 0.6453125 0.6359375 0.5953125 0.6109375 0.5953125 0.6109375 0.6453125
0 0.540625 0.603125 0.58125 0.603125 0.58125 0.56875 0.540625 0.56875 0.540625 0.603125
0 0.603125 0.490625 0.6390625 0.490625 0.6390625 0.459375 0.603125 0.459375 0.603125 0.490625
0 0.6015625 0.4015625 0.6359375 0.4015625 0.6359375 0.365625 0.6015625 0.365625 0.6015625 0.4015625
0 0.590625 0.3296875 0.61875 0.3296875 0.61875 0.3046875 0.590625 0.3046875 0.590625 0.3296875
0 0.65625 0.4453125 0.6765625 0.4453125 0.6765625 0.3984375 0.65625 0.3984375 0.65625 0.4453125
0 0.6671875 0.5015625 0.7140625 0.5015625 0.7140625 0.465625 0.6671875 0.465625 0.6671875 0.5015625
0 0.65625 0.2890625 0.69375 0.2890625 0.69375 0.2609375 0.65625 0.2609375 0.65625 0.2890625
0 0.628125 0.2796875 0.646875 0.2796875 0.646875 0.2546875 0.628125 0.2546875 0.628125 0.2796875
0 0.59375 0.290625 0.6234375 0.290625 0.6234375 0.253125 0.59375 0.253125 0.59375 0.290625
0 0.496875 0.3546875 0.515625 0.3546875 0.515625 0.3203125 0.496875 0.3203125 0.496875 0.3546875
0 0.38125 0.3171875 0.4046875 0.3171875 0.4046875 0.2625 0.38125 0.2625 0.38125 0.3171875
0 0.4921875 0.3859375 0.5203125 0.3859375 0.5203125 0.3578125 0.4921875 0.3578125 0.4921875 0.3859375
0 0.5015625 0.4328125 0.5296875 0.4328125 0.5296875 0.4046875 0.5015625 0.4046875 0.5015625 0.4328125
0 0.48125 0.4859375 0.5125 0.4859375 0.5125 0.4546875 0.48125 0.4546875 0.48125 0.4859375
0 0.41875 0.478125 0.45625 0.478125 0.45625 0.446875 0.41875 0.446875 0.41875 0.478125
0 0.409375 0.4375 0.440625 0.4375 0.440625 0.403125 0.409375 0.403125 0.409375 0.4375
0 0.365625 0.45 0.38125 0.45 0.38125 0.3890625 0.365625 0.3890625 0.365625 0.45
0 0.384375 0.41875 0.4078125 0.41875 0.4078125 0.38125 0.384375 0.38125 0.384375 0.41875
0 0.4 0.5671875 0.4234375 0.5671875 0.4234375 0.5390625 0.4 0.5390625 0.4 0.5671875
0 0.4640625 0.6171875 0.4859375 0.6171875 0.4859375 0.5921875 0.4640625 0.5921875 0.4640625 0.6171875
0 0.453125 0.6515625 0.4828125 0.6515625 0.4828125 0.6171875 0.453125 0.6171875 0.453125 0.6515625
0 0.425 0.63125 0.45 0.63125 0.45 0.6078125 0.425 0.6078125 0.425 0.63125
0 0.425 0.6109375 0.45 0.6109375 0.45 0.5765625 0.425 0.5765625 0.425 0.6109375