0 0.490625 0.2734375 0.4328125 0.2734375 0.4328125 0.2953125 0.490625 0.2953125 0.490625 0.2734375
0 0.4171875 0.29375 0.378125 0.29375 0.378125 0.3125 0.4171875 0.3125 0.4171875 0.29375
0 0.721875 0.6546875 0.68125 0.6546875 0.68125 0.6765625 0.721875 0.6765625 0.721875 0.6546875
0 0.6453125 0.659375 0.6046875 0.659375 0.6046875 0.6828125 0.6453125 0.6828125 0.6453125 0.659375
0 0.509375 0.6609375 0.465625 0.6609375 0.465625 0.68125 0.509375 0.68125 0.509375 0.6609375
0 0.4 0.5421875 0.375 0.5421875 0.375 0.5703125 0.4 0.5703125 0.4 0.5421875
0 0.39375 0.4640625 0.3734375 0.4640625 0.3734375 0.4890625 0.39375 0.4890625 0.39375 0.4640625
0 0.428125 0.3703125 0.390625 0.3703125 0.390625 0.3859375 0.428125 0.3859375 0.428125 0.3703125
0 0.515625 0.4078125 0.475 0.4078125 0.475 0.4234375 0.515625 0.4234375 0.515625 0.4078125
0 0.4390625 0.4109375 0.4 0.4109375 0.4 0.428125 0.4390625 0.428125 0.4390625 0.4109375
0 0.5359375 0.3625 0.5078125 0.3625 0.5078125 0.3828125 0.5359375 0.3828125 0.5359375 0.3625
0 0.5046875 0.3578125 0.4703125 0.3578125 0.4703125 0.3765625 0.5046875 0.3765625 0.5046875 0.3578125
0 0.6703125 0.35 0.6265625 0.35 0.6265625 0.371875 0.6703125 0.371875 0.6703125 0.35
0 0.6984375 0.33125 0.6609375 0.33125 0.6609375 0.353125 0.6984375 0.353125 0.6984375 0.33125
0 0.7375 0.271875 0.6984375 0.271875 0.6984375 0.296875 0.7375 0.296875 0.7375 0.271875
0 0.696875 0.284375 0.66875 0.284375 0.66875 0.309375 0.696875 0.309375 0.696875 0.284375
0 0.66875 0.2640625 0.64375 0.2640625 0.64375 0.296875 0.66875 0.296875 0.66875 0.2640625
0 0.7125 0.5390625 0.6734375 0.5390625 0.6734375 0.56875 0.7125 0.56875 0.7125 0.5390625
0 0.6703125 0.5125 0.6296875 0.5125 0.6296875 0.5421875 0.6703125 0.5421875 0.6703125 0.5125
0 0.6046875 0.5328125 0.5609375 0.5328125 0.5609375 0.5578125 0.6046875 0.5578125 0.6046875 0.5328125
0 0.54375 0.5359375 0.509375 0.5359375 0.509375 0.5546875 0.54375 0.5546875 0.54375 0.5359375
0 0.42759652656249997 0.6967440218750001 0.4042573671875 0.6602751046875001 0.3888615796875 0.6701280078125 0.4122007390625 0.7065969265625001 0.42759652656249997 0.6967440218750001
0 0.4095349875 0.70788634375 0.388271496875 0.6779833453124999 0.373324246875 0.68861206875 0.3945877375 0.718515065625 0.4095349875 0.70788634375