0 0.365625 0.3515625 0.334375 0.3515625 0.334375 0.3796875 0.365625 0.3796875 0.365625 0.3515625
0 0.296875 0.3875 0.265625 0.3875 0.265625 0.41875 0.296875 0.41875 0.296875 0.3875
0 0.29375 0.428125 0.26875 0.428125 0.26875 0.4625 0.29375 0.4625 0.29375 0.428125
0 0.2921875 0.7 0.25625 0.7 0.25625 0.74375 0.2921875 0.74375 0.2921875 0.7
0 0.3578125 0.5265625 0.3203125 0.5265625 0.3203125 0.5625 0.3578125 0.5625 0.3578125 0.5265625
0 0.425 0.4859375 0.403125 0.4859375 0.403125 0.5296875 0.425 0.5296875 0.425 0.4859375
0 0.403125 0.6640625 0.371875 0.6640625 0.371875 0.7140625 0.403125 0.7140625 0.403125 0.6640625
0 0.2859375 0.50625 0.2484375 0.50625 0.2484375 0.540625 0.2859375 0.540625 0.2859375 0.50625
0 0.4984375 0.6265625 0.4796875 0.6265625 0.4796875 0.6890625 0.4984375 0.6890625 0.4984375 0.6265625
0 0.5 0.50625 0.4671875 0.50625 0.4671875 0.5375 0.5 0.5375 0.5 0.50625
0 0.515625 0.4546875 0.4796875 0.4546875 0.4796875 0.490625 0.515625 0.490625 0.515625 0.4546875
0 0.565625 0.45625 0.54375 0.45625 0.54375 0.503125 0.565625 0.503125 0.565625 0.45625
0 0.525 0.6828125 0.50625 0.6828125 0.50625 0.7234375 0.525 0.7234375 0.525 0.6828125
0 0.5796875 0.640625 0.5546875 0.640625 0.5546875 0.6765625 0.5796875 0.6765625 0.5796875 0.640625
0 0.621875 0.4765625 0.584375 0.4765625 0.584375 0.5125 0.621875 0.5125 0.621875 0.4765625
0 0.6265625 0.396875 0.6078125 0.396875 0.6078125 0.425 0.6265625 0.425 0.6265625 0.396875
0 0.6796875 0.4703125 0.65625 0.4703125 0.65625 0.5015625 0.6796875 0.5015625 0.6796875 0.4703125
0 0.6203125 0.5921875 0.596875 0.5921875 0.596875 0.6359375 0.6203125 0.6359375 0.6203125 0.5921875
0 0.6265625 0.6421875 0.603125 0.6421875 0.603125 0.6796875 0.6265625 0.6796875 0.6265625 0.6421875
0 0.5984375 0.69375 0.58125 0.69375 0.58125 0.73125 0.5984375 0.73125 0.5984375 0.69375
0 0.7046875 0.6765625 0.675 0.6765625 0.675 0.7 0.7046875 0.7 0.7046875 0.6765625
0 0.734375 0.6609375 0.709375 0.6609375 0.709375 0.6953125 0.734375 0.6953125 0.734375 0.6609375
0 0.7328125 0.571875 0.7078125 0.571875 0.7078125 0.60625 0.7328125 0.60625 0.7328125 0.571875
0 0.7078125 0.5078125 0.6953125 0.5078125 0.6953125 0.5453125 0.7078125 0.5453125 0.7078125 0.5078125
0 0.7578125 0.4578125 0.7234375 0.4578125 0.7234375 0.4828125 0.7578125 0.4828125 0.7578125 0.4578125
0 0.73125 0.3640625 0.7109375 0.3640625 0.7109375 0.403125 0.73125 0.403125 0.73125 0.3640625