0 0.2921875 0.3109375 0.3421875 0.3109375 0.3421875 0.290625 0.2921875 0.290625 0.2921875 0.3109375
0 0.3609375 0.3875 0.3859375 0.3875 0.3859375 0.359375 0.3609375 0.359375 0.3609375 0.3875
0 0.3890625 0.3609375 0.409375 0.3609375 0.409375 0.3421875 0.3890625 0.3421875 0.3890625 0.3609375
0 0.36875 0.334375 0.3859375 0.334375 0.3859375 0.3046875 0.36875 0.3046875 0.36875 0.334375
0 0.2875 0.4859375 0.3234375 0.4859375 0.3234375 0.4671875 0.2875 0.4671875 0.2875 0.4859375
0 0.45625 0.45625 0.484375 0.45625 0.484375 0.4234375 0.45625 0.4234375 0.45625 0.45625
0 0.5046875 0.475 0.5484375 0.475 0.5484375 0.459375 0.5046875 0.459375 0.5046875 0.475
0 0.5421875 0.4515625 0.565625 0.4515625 0.565625 0.4234375 0.5421875 0.4234375 0.5421875 0.4515625
0 0.584375 0.43125 0.60625 0.43125 0.60625 0.409375 0.584375 0.409375 0.584375 0.43125
0 0.60625 0.41875 0.6453125 0.41875 0.6453125 0.4 0.60625 0.4 0.60625 0.41875
0 0.6421875 0.403125 0.684375 0.403125 0.684375 0.378125 0.6421875 0.378125 0.6421875 0.403125
0 0.734375 0.4671875 0.7734375 0.4671875 0.7734375 0.4265625 0.734375 0.4265625 0.734375 0.4671875
0 0.46875 0.371875 0.503125 0.371875 0.503125 0.340625 0.46875 0.340625 0.46875 0.371875
0 0.4328125 0.3703125 0.4609375 0.3703125 0.4609375 0.353125 0.4328125 0.353125 0.4328125 0.3703125
0 0.6234375 0.296875 0.6703125 0.296875 0.6703125 0.278125 0.6234375 0.278125 0.6234375 0.296875
0 0.65625 0.2703125 0.6875 0.2703125 0.6875 0.2359375 0.65625 0.2359375 0.65625 0.2703125
0 0.625 0.278125 0.65 0.278125 0.65 0.2453125 0.625 0.2453125 0.625 0.278125
0 0.75 0.634375 0.775 0.634375 0.775 0.603125 0.75 0.603125 0.75 0.634375
0 0.6859375 0.6421875 0.7140625 0.6421875 0.7140625 0.6171875 0.6859375 0.6171875 0.6859375 0.6421875
0 0.6234375 0.646875 0.6546875 0.646875 0.6546875 0.61875 0.6234375 0.61875 0.6234375 0.646875
0 0.7125 0.6046875 0.740625 0.6046875 0.740625 0.5828125 0.7125 0.5828125 0.7125 0.6046875
0 0.6703125 0.5875 0.6875 0.5875 0.6875 0.5671875 0.6703125 0.5671875 0.6703125 0.5875
0 0.665625 0.5640625 0.7015625 0.5640625 0.7015625 0.5375 0.665625 0.5375 0.665625 0.5640625
0 0.5984375 0.6125 0.621875 0.6125 0.621875 0.590625 0.5984375 0.590625 0.5984375 0.6125
0 0.5421875 0.6171875 0.584375 0.6171875 0.584375 0.5984375 0.5421875 0.5984375 0.5421875 0.6171875
0 0.5046875 0.6328125 0.54375 0.6328125 0.54375 0.5984375 0.5046875 0.5984375 0.5046875 0.6328125
0 0.465625 0.6203125 0.496875 0.6203125 0.496875 0.5921875 0.465625 0.5921875 0.465625 0.6203125
0 0.38125 0.6453125 0.4234375 0.6453125 0.4234375 0.6265625 0.38125 0.6265625 0.38125 0.6453125
0 0.35625 0.6125 0.384375 0.6125 0.384375 0.590625 0.35625 0.590625 0.35625 0.6125
0 0.3265625 0.5890625 0.346875 0.5890625 0.346875 0.5671875 0.3265625 0.5671875 0.3265625 0.5890625
0 0.325 0.55625 0.353125 0.55625 0.353125 0.540625 0.325 0.540625 0.325 0.55625
0 0.284375 0.5703125 0.3125 0.5703125 0.3125 0.5359375 0.284375 0.5359375 0.284375 0.5703125