0 0.7171875 0.225 0.7390625 0.225 0.7390625 0.1921875 0.7171875 0.1921875 0.7171875 0.225
0 0.7375 0.425 0.7625 0.425 0.7625 0.3921875 0.7375 0.3921875 0.7375 0.425
0 0.684375 0.5203125 0.7 0.5203125 0.7 0.465625 0.684375 0.465625 0.684375 0.5203125
0 0.65625 0.459375 0.6765625 0.459375 0.6765625 0.4171875 0.65625 0.4171875 0.65625 0.459375
0 0.6125 0.4671875 0.6421875 0.4671875 0.6421875 0.434375 0.6125 0.434375 0.6125 0.4671875
0 0.634375 0.5390625 0.665625 0.5390625 0.665625 0.50625 0.634375 0.50625 0.634375 0.5390625
0 0.65625 0.6046875 0.6890625 0.6046875 0.6890625 0.5484375 0.65625 0.5484375 0.65625 0.6046875
0 0.6671875 0.7296875 0.6953125 0.7296875 0.6953125 0.66875 0.6671875 0.66875 0.6671875 0.7296875
0 0.7234375 0.6265625 0.753125 0.6265625 0.753125 0.5921875 0.7234375 0.5921875 0.7234375 0.6265625
0 0.7421875 0.7328125 0.759375 0.7328125 0.759375 0.696875 0.7421875 0.696875 0.7421875 0.7328125
0 0.7625 0.478125 0.784375 0.478125 0.784375 0.4453125 0.7625 0.4453125 0.7625 0.478125
0 0.7671875 0.515625 0.7859375 0.515625 0.7859375 0.48125 0.7671875 0.48125 0.7671875 0.515625
0 0.590625 0.25 0.6125 0.25 0.6125 0.215625 0.590625 0.215625 0.590625 0.25
0 0.5203125 0.2359375 0.553125 0.2359375 0.553125 0.2046875 0.5203125 0.2046875 0.5203125 0.2359375
0 0.4953125 0.2625 0.515625 0.2625 0.515625 0.2421875 0.4953125 0.2421875 0.4953125 0.2625
0 0.44375 0.3328125 0.475 0.3328125 0.475 0.2953125 0.44375 0.2953125 0.44375 0.3328125
0 0.5328125 0.525 0.553125 0.525 0.553125 0.484375 0.5328125 0.484375 0.5328125 0.525
0 0.4921875 0.4765625 0.5203125 0.4765625 0.5203125 0.4359375 0.4921875 0.4359375 0.4921875 0.4765625
0 0.5015625 0.61875 0.5234375 0.61875 0.5234375 0.5796875 0.5015625 0.5796875 0.5015625 0.61875
0 0.484375 0.696875 0.5171875 0.696875 0.5171875 0.653125 0.484375 0.653125 0.484375 0.696875
0 0.4078125 0.559375 0.4359375 0.559375 0.4359375 0.53125 0.4078125 0.53125 0.4078125 0.559375
0 0.4375 0.4765625 0.4578125 0.4765625 0.4578125 0.45 0.4375 0.45 0.4375 0.4765625
0 0.496875 0.38125 0.5171875 0.38125 0.5171875 0.3359375 0.496875 0.3359375 0.496875 0.38125
0 0.4046875 0.63125 0.4296875 0.63125 0.4296875 0.6 0.4046875 0.6 0.4046875 0.63125
0 0.3984375 0.7109375 0.4171875 0.7109375 0.4171875 0.6546875 0.3984375 0.6546875 0.3984375 0.7109375
0 0.375 0.7234375 0.39375 0.7234375 0.39375 0.69375 0.375 0.69375 0.375 0.7234375
0 0.3515625 0.7171875 0.3734375 0.7171875 0.3734375 0.6859375 0.3515625 0.6859375 0.3515625 0.7171875
0 0.34375 0.5328125 0.3671875 0.5328125 0.3671875 0.484375 0.34375 0.484375 0.34375 0.5328125
0 0.2671875 0.578125 0.2890625 0.578125 0.2890625 0.540625 0.2671875 0.540625 0.2671875 0.578125
0 0.371875 0.4171875 0.3953125 0.4171875 0.3953125 0.3625 0.371875 0.3625 0.371875 0.4171875
0 0.3296875 0.33125 0.3578125 0.33125 0.3578125 0.303125 0.3296875 0.303125 0.3296875 0.33125
0 0.334375 0.3953125 0.3578125 0.3953125 0.3578125 0.340625 0.334375 0.340625 0.334375 0.3953125
0 0.2640625 0.29375 0.290625 0.29375 0.290625 0.2390625 0.2640625 0.2390625 0.2640625 0.29375