0 0.6375 0.59375 0.6625 0.59375 0.6625 0.5484375 0.6375 0.5484375 0.6375 0.59375
0 0.5984375 0.625 0.6265625 0.625 0.6265625 0.5765625 0.5984375 0.5765625 0.5984375 0.625
0 0.5484375 0.6828125 0.5734375 0.6828125 0.5734375 0.6546875 0.5484375 0.6546875 0.5484375 0.6828125
0 0.5359375 0.7265625 0.55625 0.7265625 0.55625 0.6890625 0.5359375 0.6890625 0.5359375 0.7265625
0 0.5078125 0.6734375 0.5359375 0.6734375 0.5359375 0.6484375 0.5078125 0.6484375 0.5078125 0.6734375
0 0.4875 0.721875 0.515625 0.721875 0.515625 0.684375 0.4875 0.684375 0.4875 0.721875
0 0.475 0.621875 0.5015625 0.621875 0.5015625 0.565625 0.475 0.565625 0.475 0.621875
0 0.684375 0.3703125 0.7125 0.3703125 0.7125 0.34375 0.684375 0.34375 0.684375 0.3703125
0 0.68125 0.328125 0.703125 0.328125 0.703125 0.303125 0.68125 0.303125 0.68125 0.328125
0 0.6375 0.3375 0.6671875 0.3375 0.6671875 0.3 0.6375 0.3 0.6375 0.3375
0 0.5484375 0.371875 0.5734375 0.371875 0.5734375 0.340625 0.5484375 0.340625 0.5484375 0.371875
0 0.5359375 0.4140625 0.5578125 0.4140625 0.5578125 0.38125 0.5359375 0.38125 0.5359375 0.4140625
0 0.509375 0.45 0.5328125 0.45 0.5328125 0.41875 0.509375 0.41875 0.509375 0.45
0 0.5046875 0.3484375 0.521875 0.3484375 0.521875 0.3046875 0.5046875 0.3046875 0.5046875 0.3484375
0 0.4640625 0.34375 0.4796875 0.34375 0.4796875 0.3171875 0.4640625 0.3171875 0.4640625 0.34375
0 0.45 0.4796875 0.4890625 0.4796875 0.4890625 0.4484375 0.45 0.4484375 0.45 0.4796875
0 0.390625 0.5453125 0.4140625 0.5453125 0.4140625 0.5046875 0.390625 0.5046875 0.390625 0.5453125
0 0.4109375 0.4859375 0.4296875 0.4859375 0.4296875 0.453125 0.4109375 0.453125 0.4109375 0.4859375
0 0.3859375 0.4671875 0.4125 0.4671875 0.4125 0.4234375 0.3859375 0.4234375 0.3859375 0.4671875
0 0.4875 0.5390625 0.525 0.5390625 0.525 0.5046875 0.4875 0.5046875 0.4875 0.5390625
0 0.425 0.3375 0.45 0.3375 0.45 0.325 0.425 0.325 0.425 0.3375
0 0.4109375 0.328125 0.4328125 0.328125 0.4328125 0.3046875 0.4109375 0.3046875 0.4109375 0.328125
0 0.384375 0.340625 0.4078125 0.340625 0.4078125 0.31875 0.384375 0.31875 0.384375 0.340625
0 0.38125 0.378125 0.40625 0.378125 0.40625 0.3546875 0.38125 0.3546875 0.38125 0.378125
0 0.4109375 0.3703125 0.43125 0.3703125 0.43125 0.3390625 0.4109375 0.3390625 0.4109375 0.3703125
0 0.3484375 0.3609375 0.38125 0.3609375 0.38125 0.3359375 0.3484375 0.3359375 0.3484375 0.3609375