0 0.38125 0.6484375 0.3203125 0.6484375 0.3203125 0.6703125 0.38125 0.6703125 0.38125 0.6484375
0 0.421875 0.6234375 0.3671875 0.6234375 0.3671875 0.6453125 0.421875 0.6453125 0.421875 0.6234375
0 0.4453125 0.3875 0.4015625 0.3875 0.4015625 0.4171875 0.4453125 0.4171875 0.4453125 0.3875
0 0.50625 0.5171875 0.4625 0.5171875 0.4625 0.5359375 0.50625 0.5359375 0.50625 0.5171875
0 0.50625 0.6203125 0.4640625 0.6203125 0.4640625 0.653125 0.50625 0.653125 0.50625 0.6203125
0 0.56875 0.64375 0.525 0.64375 0.525 0.665625 0.56875 0.665625 0.56875 0.64375
0 0.546875 0.584375 0.521875 0.584375 0.521875 0.6125 0.546875 0.6125 0.546875 0.584375
0 0.6390625 0.634375 0.5828125 0.634375 0.5828125 0.653125 0.6390625 0.653125 0.6390625 0.634375
0 0.75625 0.634375 0.7203125 0.634375 0.7203125 0.6578125 0.75625 0.6578125 0.75625 0.634375
0 0.715625 0.5234375 0.66875 0.5234375 0.66875 0.5453125 0.715625 0.5453125 0.715625 0.5234375
0 0.596875 0.503125 0.5421875 0.503125 0.5421875 0.5203125 0.596875 0.5203125 0.596875 0.503125
0 0.5671875 0.4375 0.53125 0.4375 0.53125 0.4578125 0.5671875 0.4578125 0.5671875 0.4375
0 0.7 0.3578125 0.659375 0.3578125 0.659375 0.3765625 0.7 0.3765625 0.7 0.3578125
0 0.746875 0.3765625 0.7 0.3765625 0.7 0.3984375 0.746875 0.3984375 0.746875 0.3765625
0 0.759375 0.5125 0.7171875 0.5125 0.7171875 0.553125 0.759375 0.553125 0.759375 0.5125