0 0.5140625 0.6921875 0.4890625 0.6921875 0.4890625 0.7328125 0.5140625 0.7328125 0.5140625 0.6921875
0 0.440625 0.628125 0.4078125 0.628125 0.4078125 0.66875 0.440625 0.66875 0.440625 0.628125
0 0.3796875 0.6640625 0.3484375 0.6640625 0.3484375 0.70625 0.3796875 0.70625 0.3796875 0.6640625
0 0.428125 0.5671875 0.396875 0.5671875 0.396875 0.603125 0.428125 0.603125 0.428125 0.5671875
0 0.515625 0.5734375 0.4796875 0.5734375 0.4796875 0.6078125 0.515625 0.6078125 0.515625 0.5734375
0 0.5375 0.4859375 0.4953125 0.4859375 0.4953125 0.51875 0.5375 0.51875 0.5375 0.4859375
0 0.6234375 0.446875 0.609375 0.446875 0.609375 0.475 0.6234375 0.475 0.6234375 0.446875
0 0.6875 0.44375 0.653125 0.44375 0.653125 0.4734375 0.6875 0.4734375 0.6875 0.44375
0 0.68125 0.475 0.6515625 0.475 0.6515625 0.5015625 0.68125 0.5015625 0.68125 0.475
0 0.5375 0.4265625 0.5125 0.4265625 0.5125 0.4578125 0.5375 0.4578125 0.5375 0.4265625
0 0.53125 0.378125 0.4984375 0.378125 0.4984375 0.4125 0.53125 0.4125 0.53125 0.378125
0 0.5328125 0.34375 0.5015625 0.34375 0.5015625 0.3671875 0.5328125 0.3671875 0.5328125 0.34375
0 0.5234375 0.284375 0.5046875 0.284375 0.5046875 0.3328125 0.5234375 0.3328125 0.5234375 0.284375
0 0.496875 0.31875 0.4703125 0.31875 0.4703125 0.3390625 0.496875 0.3390625 0.496875 0.31875
0 0.60625 0.609375 0.5828125 0.609375 0.5828125 0.6375 0.60625 0.6375 0.60625 0.609375
0 0.5671875 0.621875 0.534375 0.621875 0.534375 0.65625 0.5671875 0.65625 0.5671875 0.621875
0 0.5953125 0.6375 0.571875 0.6375 0.571875 0.6671875 0.5953125 0.6671875 0.5953125 0.6375