0 0.728125 0.5171875 0.7 0.5171875 0.7 0.5546875 0.728125 0.5546875 0.728125 0.5171875
0 0.6359375 0.2671875 0.6046875 0.2671875 0.6046875 0.2984375 0.6359375 0.2984375 0.6359375 0.2671875
0 0.6375 0.5234375 0.6171875 0.5234375 0.6171875 0.5703125 0.6375 0.5703125 0.6375 0.5234375
0 0.6640625 0.56875 0.6359375 0.56875 0.6359375 0.6046875 0.6640625 0.6046875 0.6640625 0.56875
0 0.6015625 0.625 0.5734375 0.625 0.5734375 0.6765625 0.6015625 0.6765625 0.6015625 0.625
0 0.5671875 0.5890625 0.53125 0.5890625 0.53125 0.6171875 0.5671875 0.6171875 0.5671875 0.5890625
0 0.5234375 0.459375 0.4984375 0.459375 0.4984375 0.5 0.5234375 0.5 0.5234375 0.459375
0 0.4953125 0.36875 0.465625 0.36875 0.465625 0.4078125 0.4953125 0.4078125 0.4953125 0.36875
0 0.49375 0.3421875 0.4578125 0.3421875 0.4578125 0.3671875 0.49375 0.3671875 0.49375 0.3421875
0 0.409375 0.21875 0.36875 0.21875 0.36875 0.25 0.409375 0.25 0.409375 0.21875
0 0.3828125 0.4375 0.3625 0.4375 0.3625 0.49375 0.3828125 0.49375 0.3828125 0.4375
0 0.3578125 0.5015625 0.3375 0.5015625 0.3375 0.5265625 0.3578125 0.5265625 0.3578125 0.5015625
0 0.4765625 0.459375 0.45625 0.459375 0.45625 0.5 0.4765625 0.5 0.4765625 0.459375
0 0.4640625 0.528125 0.4421875 0.528125 0.4421875 0.571875 0.4640625 0.571875 0.4640625 0.528125
0 0.4921875 0.5859375 0.45 0.5859375 0.45 0.6234375 0.4921875 0.6234375 0.4921875 0.5859375
0 0.48125 0.665625 0.4484375 0.665625 0.4484375 0.703125 0.48125 0.703125 0.48125 0.665625