0 0.459375 0.6390625 0.49375 0.6390625 0.49375 0.6125 0.459375 0.6125 0.459375 0.6390625
0 0.3984375 0.5484375 0.4265625 0.5484375 0.4265625 0.5171875 0.3984375 0.5171875 0.3984375 0.5484375
0 0.3453125 0.5421875 0.3640625 0.5421875 0.3640625 0.5140625 0.3453125 0.5140625 0.3453125 0.5421875
0 0.3109375 0.615625 0.3359375 0.615625 0.3359375 0.58125 0.3109375 0.58125 0.3109375 0.615625
0 0.3890625 0.5875 0.4109375 0.5875 0.4109375 0.5484375 0.3890625 0.5484375 0.3890625 0.5875
0 0.53125 0.453125 0.5515625 0.453125 0.5515625 0.4234375 0.53125 0.4234375 0.53125 0.453125
0 0.6109375 0.4515625 0.6359375 0.4515625 0.6359375 0.4234375 0.6109375 0.4234375 0.6109375 0.4515625
0 0.603125 0.490625 0.6265625 0.490625 0.6265625 0.4515625 0.603125 0.4515625 0.603125 0.490625
0 0.6484375 0.50625 0.66875 0.50625 0.66875 0.4703125 0.6484375 0.4703125 0.6484375 0.50625
0 0.61875 0.515625 0.65 0.515625 0.65 0.4890625 0.61875 0.4890625 0.61875 0.515625
0 0.4453125 0.3953125 0.465625 0.3953125 0.465625 0.35625 0.4453125 0.35625 0.4453125 0.3953125
0 0.3796875 0.409375 0.4078125 0.409375 0.4078125 0.3625 0.3796875 0.3625 0.3796875 0.409375
0 0.340625 0.3390625 0.365625 0.3390625 0.365625 0.30625 0.340625 0.30625 0.340625 0.3390625
0 0.4125 0.6296875 0.4375 0.6296875 0.4375 0.578125 0.4125 0.578125 0.4125 0.6296875
0 0.38780477812499997 0.32703098124999996 0.41857737500000003 0.36629809375 0.4333279296875 0.354738475 0.40255533281250006 0.3154713609375 0.38780477812499997 0.32703098124999996