0 0.675 0.5828125 0.703125 0.5828125 0.703125 0.5484375 0.675 0.5484375 0.675 0.5828125
0 0.6296875 0.6671875 0.659375 0.6671875 0.659375 0.6421875 0.6296875 0.6421875 0.6296875 0.6671875
0 0.5328125 0.6234375 0.553125 0.6234375 0.553125 0.575 0.5328125 0.575 0.5328125 0.6234375
0 0.4828125 0.565625 0.503125 0.565625 0.503125 0.53125 0.4828125 0.53125 0.4828125 0.565625
0 0.4421875 0.5796875 0.4609375 0.5796875 0.4609375 0.5453125 0.4421875 0.5453125 0.4421875 0.5796875
0 0.425 0.6671875 0.4453125 0.6671875 0.4453125 0.628125 0.425 0.628125 0.425 0.6671875
0 0.296875 0.6359375 0.3171875 0.6359375 0.3171875 0.5921875 0.296875 0.5921875 0.296875 0.6359375
0 0.2765625 0.5765625 0.3046875 0.5765625 0.3046875 0.5390625 0.2765625 0.5390625 0.2765625 0.5765625
0 0.315625 0.4859375 0.3671875 0.4859375 0.3671875 0.4609375 0.315625 0.4609375 0.315625 0.4859375
0 0.2828125 0.3390625 0.30625 0.3390625 0.30625 0.296875 0.2828125 0.296875 0.2828125 0.3390625
0 0.3328125 0.36875 0.35625 0.36875 0.35625 0.3359375 0.3328125 0.3359375 0.3328125 0.36875
0 0.3859375 0.3484375 0.4140625 0.3484375 0.4140625 0.3125 0.3859375 0.3125 0.3859375 0.3484375
0 0.4515625 0.3734375 0.4765625 0.3734375 0.4765625 0.3421875 0.4515625 0.3421875 0.4515625 0.3734375