0 0.346875 0.2421875 0.3109375 0.2421875 0.3109375 0.2671875 0.346875 0.2671875 0.346875 0.2421875
0 0.46875 0.2515625 0.440625 0.2515625 0.440625 0.2765625 0.46875 0.2765625 0.46875 0.2515625
0 0.5703125 0.24375 0.5296875 0.24375 0.5296875 0.2765625 0.5703125 0.2765625 0.5703125 0.24375
0 0.6625 0.284375 0.628125 0.284375 0.628125 0.3140625 0.6625 0.3140625 0.6625 0.284375
0 0.5125 0.3046875 0.46875 0.3046875 0.46875 0.3265625 0.5125 0.3265625 0.5125 0.3046875
0 0.44375 0.3234375 0.4125 0.3234375 0.4125 0.3515625 0.44375 0.3515625 0.44375 0.3234375
0 0.4765625 0.359375 0.4484375 0.359375 0.4484375 0.378125 0.4765625 0.378125 0.4765625 0.359375
0 0.4515625 0.4234375 0.4109375 0.4234375 0.4109375 0.4421875 0.4515625 0.4421875 0.4515625 0.4234375
0 0.3515625 0.396875 0.3234375 0.396875 0.3234375 0.425 0.3515625 0.425 0.3515625 0.396875
0 0.33125 0.353125 0.29375 0.353125 0.29375 0.375 0.33125 0.375 0.33125 0.353125
0 0.3328125 0.4546875 0.3078125 0.4546875 0.3078125 0.4734375 0.3328125 0.4734375 0.3328125 0.4546875
0 0.44375 0.4671875 0.409375 0.4671875 0.409375 0.4828125 0.44375 0.4828125 0.44375 0.4671875
0 0.509375 0.4609375 0.4671875 0.4609375 0.4671875 0.4796875 0.509375 0.4796875 0.509375 0.4609375
0 0.628125 0.459375 0.59375 0.459375 0.59375 0.48125 0.628125 0.48125 0.628125 0.459375
0 0.5265625 0.5234375 0.4890625 0.5234375 0.4890625 0.5578125 0.5265625 0.5578125 0.5265625 0.5234375
0 0.6203125 0.5359375 0.5859375 0.5359375 0.5859375 0.5609375 0.6203125 0.5609375 0.6203125 0.5359375
0 0.5234375 0.646875 0.5 0.646875 0.5 0.671875 0.5234375 0.671875 0.5234375 0.646875
0 0.384375 0.6015625 0.3375 0.6015625 0.3375 0.6265625 0.384375 0.6265625 0.384375 0.6015625
0 0.3421875 0.540625 0.2984375 0.540625 0.2984375 0.575 0.3421875 0.575 0.3421875 0.540625