0 0.6890625 0.5125 0.6671875 0.5125 0.6671875 0.5375 0.6890625 0.5375 0.6890625 0.5125
0 0.5703125 0.5296875 0.546875 0.5296875 0.546875 0.5609375 0.5703125 0.5609375 0.5703125 0.5296875
0 0.5359375 0.578125 0.5171875 0.578125 0.5171875 0.60625 0.5359375 0.60625 0.5359375 0.578125
0 0.54375 0.3796875 0.509375 0.3796875 0.509375 0.4046875 0.54375 0.4046875 0.54375 0.3796875
0 0.4796875 0.5375 0.4546875 0.5375 0.4546875 0.575 0.4796875 0.575 0.4796875 0.5375
0 0.4328125 0.4640625 0.4046875 0.4640625 0.4046875 0.5015625 0.4328125 0.5015625 0.4328125 0.4640625
0 0.4078125 0.525 0.3875 0.525 0.3875 0.5671875 0.4078125 0.5671875 0.4078125 0.525
0 0.35 0.5 0.325 0.5 0.325 0.546875 0.35 0.546875 0.35 0.5
0 0.3296875 0.5703125 0.309375 0.5703125 0.309375 0.5984375 0.3296875 0.5984375 0.3296875 0.5703125
0 0.490625 0.6109375 0.471875 0.6109375 0.471875 0.6390625 0.490625 0.6390625 0.490625 0.6109375
0 0.4453125 0.634375 0.4234375 0.634375 0.4234375 0.659375 0.4453125 0.659375 0.4453125 0.634375
0 0.409375 0.65 0.3875 0.65 0.3875 0.6921875 0.409375 0.6921875 0.409375 0.65
0 0.5109375 0.6640625 0.4796875 0.6640625 0.4796875 0.6921875 0.5109375 0.6921875 0.5109375 0.6640625
0 0.54375 0.7109375 0.51875 0.7109375 0.51875 0.7578125 0.54375 0.7578125 0.54375 0.7109375
0 0.515625 0.7 0.4875 0.7 0.4875 0.753125 0.515625 0.753125 0.515625 0.7