0 0.69375 0.3640625 0.671875 0.3640625 0.671875 0.409375 0.69375 0.409375 0.69375 0.3640625
0 0.5234375 0.346875 0.4953125 0.346875 0.4953125 0.36875 0.5234375 0.36875 0.5234375 0.346875
0 0.575 0.3796875 0.54375 0.3796875 0.54375 0.43125 0.575 0.43125 0.575 0.3796875
0 0.61875 0.4640625 0.5953125 0.4640625 0.5953125 0.515625 0.61875 0.515625 0.61875 0.4640625
0 0.684375 0.553125 0.6546875 0.553125 0.6546875 0.5890625 0.684375 0.5890625 0.684375 0.553125
0 0.55 0.5296875 0.5265625 0.5296875 0.5265625 0.5625 0.55 0.5625 0.55 0.5296875
0 0.5234375 0.584375 0.490625 0.584375 0.490625 0.609375 0.5234375 0.609375 0.5234375 0.584375
0 0.584375 0.678125 0.553125 0.678125 0.553125 0.709375 0.584375 0.709375 0.584375 0.678125
0 0.596875 0.7203125 0.578125 0.7203125 0.578125 0.7515625 0.596875 0.7515625 0.596875 0.7203125
0 0.446875 0.596875 0.4296875 0.596875 0.4296875 0.61875 0.446875 0.61875 0.446875 0.596875
0 0.4296875 0.5953125 0.3921875 0.5953125 0.3921875 0.63125 0.4296875 0.63125 0.4296875 0.5953125
0 0.5328125 0.44375 0.5109375 0.44375 0.5109375 0.48125 0.5328125 0.48125 0.5328125 0.44375
0 0.509375 0.4203125 0.4875 0.4203125 0.4875 0.45 0.509375 0.45 0.509375 0.4203125
0 0.621875 0.3328125 0.603125 0.3328125 0.603125 0.3984375 0.621875 0.3984375 0.621875 0.3328125
0 0.40625 0.43125 0.3765625 0.43125 0.3765625 0.4703125 0.40625 0.4703125 0.40625 0.43125
0 0.4125 0.4796875 0.3890625 0.4796875 0.3890625 0.5171875 0.4125 0.5171875 0.4125 0.4796875
0 0.371875 0.4765625 0.346875 0.4765625 0.346875 0.51875 0.371875 0.51875 0.371875 0.4765625
0 0.3578125 0.5453125 0.3328125 0.5453125 0.3328125 0.5765625 0.3578125 0.5765625 0.3578125 0.5453125
0 0.3515625 0.60625 0.315625 0.60625 0.315625 0.64375 0.3515625 0.64375 0.3515625 0.60625
0 0.359375 0.6828125 0.325 0.6828125 0.325 0.7078125 0.359375 0.7078125 0.359375 0.6828125
0 0.33125 0.703125 0.309375 0.703125 0.309375 0.7421875 0.33125 0.7421875 0.33125 0.703125
0 0.403125 0.734375 0.36875 0.734375 0.36875 0.76875 0.403125 0.76875 0.403125 0.734375