0 0.3953125 0.315625 0.3640625 0.315625 0.3640625 0.3578125 0.3953125 0.3578125 0.3953125 0.315625
0 0.4828125 0.33125 0.4390625 0.33125 0.4390625 0.353125 0.4828125 0.353125 0.4828125 0.33125
0 0.5359375 0.3671875 0.4859375 0.3671875 0.4859375 0.3875 0.5359375 0.3875 0.5359375 0.3671875
0 0.5890625 0.3828125 0.5609375 0.3828125 0.5609375 0.4140625 0.5890625 0.4140625 0.5890625 0.3828125
0 0.5109375 0.403125 0.4765625 0.403125 0.4765625 0.421875 0.5109375 0.421875 0.5109375 0.403125
0 0.35625 0.4125 0.33125 0.4125 0.33125 0.440625 0.35625 0.440625 0.35625 0.4125
0 0.5 0.48125 0.459375 0.48125 0.459375 0.5015625 0.5 0.5015625 0.5 0.48125
0 0.540625 0.4921875 0.5125 0.4921875 0.5125 0.515625 0.540625 0.515625 0.540625 0.4921875
0 0.6546875 0.396875 0.61875 0.396875 0.61875 0.415625 0.6546875 0.415625 0.6546875 0.396875
0 0.69375 0.4171875 0.665625 0.4171875 0.665625 0.4390625 0.69375 0.4390625 0.69375 0.4171875
0 0.6421875 0.421875 0.6078125 0.421875 0.6078125 0.440625 0.6421875 0.440625 0.6421875 0.421875
0 0.665625 0.446875 0.634375 0.446875 0.634375 0.4765625 0.665625 0.4765625 0.665625 0.446875
0 0.6875 0.503125 0.6625 0.503125 0.6625 0.5359375 0.6875 0.5359375 0.6875 0.503125
0 0.7 0.5640625 0.6578125 0.5640625 0.6578125 0.5859375 0.7 0.5859375 0.7 0.5640625
0 0.6421875 0.559375 0.60625 0.559375 0.60625 0.5828125 0.6421875 0.5828125 0.6421875 0.559375
0 0.6125 0.628125 0.58125 0.628125 0.58125 0.653125 0.6125 0.653125 0.6125 0.628125
0 0.55 0.6234375 0.5109375 0.6234375 0.5109375 0.640625 0.55 0.640625 0.55 0.6234375
0 0.440625 0.5671875 0.4125 0.5671875 0.4125 0.5859375 0.440625 0.5859375 0.440625 0.5671875
0 0.3796875 0.54375 0.3453125 0.54375 0.3453125 0.565625 0.3796875 0.565625 0.3796875 0.54375
0 0.3375 0.5484375 0.30625 0.5484375 0.30625 0.5703125 0.3375 0.5703125 0.3375 0.5484375
0 0.4078125 0.5875 0.3828125 0.5875 0.3828125 0.60625 0.4078125 0.60625 0.4078125 0.5875
0 0.434375 0.63125 0.384375 0.63125 0.384375 0.65 0.434375 0.65 0.434375 0.63125
0 0.3859375 0.6609375 0.3578125 0.6609375 0.3578125 0.6796875 0.3859375 0.6796875 0.3859375 0.6609375
0 0.3375 0.63125 0.30625 0.63125 0.30625 0.653125 0.3375 0.653125 0.3375 0.63125