0 0.665625 0.3515625 0.634375 0.3515625 0.634375 0.3796875 0.665625 0.3796875 0.665625 0.3515625
0 0.734375 0.3859375 0.703125 0.3859375 0.703125 0.41875 0.734375 0.41875 0.734375 0.3859375
0 0.7328125 0.428125 0.70625 0.428125 0.70625 0.4625 0.7328125 0.4625 0.7328125 0.428125
0 0.74375 0.6984375 0.7078125 0.6984375 0.7078125 0.74375 0.74375 0.74375 0.74375 0.6984375
0 0.68125 0.5265625 0.64375 0.5265625 0.64375 0.5625 0.68125 0.5625 0.68125 0.5265625
0 0.596875 0.4859375 0.575 0.4859375 0.575 0.5296875 0.596875 0.5296875 0.596875 0.4859375
0 0.628125 0.6625 0.596875 0.6625 0.596875 0.7140625 0.628125 0.7140625 0.628125 0.6625
0 0.7515625 0.50625 0.7140625 0.50625 0.7140625 0.540625 0.7515625 0.540625 0.7515625 0.50625
0 0.5203125 0.625 0.5015625 0.625 0.5015625 0.6890625 0.5203125 0.6890625 0.5203125 0.625
0 0.5328125 0.50625 0.5 0.50625 0.5 0.5375 0.5328125 0.5375 0.5328125 0.50625
0 0.521875 0.4546875 0.4859375 0.4546875 0.4859375 0.490625 0.521875 0.490625 0.521875 0.4546875
0 0.45625 0.45625 0.434375 0.45625 0.434375 0.5015625 0.45625 0.5015625 0.45625 0.45625
0 0.49375 0.6828125 0.475 0.6828125 0.475 0.7234375 0.49375 0.7234375 0.49375 0.6828125
0 0.446875 0.640625 0.4203125 0.640625 0.4203125 0.6765625 0.446875 0.6765625 0.446875 0.640625
0 0.4171875 0.4765625 0.3796875 0.4765625 0.3796875 0.5125 0.4171875 0.5125 0.4171875 0.4765625
0 0.3921875 0.396875 0.3734375 0.396875 0.3734375 0.4234375 0.3921875 0.4234375 0.3921875 0.396875
0 0.3453125 0.4703125 0.321875 0.4703125 0.321875 0.5015625 0.3453125 0.5015625 0.3453125 0.4703125
0 0.403125 0.5921875 0.3796875 0.5921875 0.3796875 0.6359375 0.403125 0.6359375 0.403125 0.5921875
0 0.396875 0.6421875 0.3734375 0.6421875 0.3734375 0.6796875 0.396875 0.6796875 0.396875 0.6421875
0 0.41875 0.69375 0.4015625 0.69375 0.4015625 0.73125 0.41875 0.73125 0.41875 0.69375
0 0.3265625 0.6765625 0.296875 0.6765625 0.296875 0.7 0.3265625 0.7 0.3265625 0.6765625
0 0.290625 0.6609375 0.265625 0.6609375 0.265625 0.6953125 0.290625 0.6953125 0.290625 0.6609375
0 0.2921875 0.571875 0.2671875 0.571875 0.2671875 0.60625 0.2921875 0.60625 0.2921875 0.571875
0 0.30625 0.5078125 0.2921875 0.5078125 0.2921875 0.5453125 0.30625 0.5453125 0.30625 0.5078125
0 0.278125 0.4578125 0.2421875 0.4578125 0.2421875 0.48125 0.278125 0.48125 0.278125 0.4578125
0 0.2890625 0.3640625 0.26875 0.3640625 0.26875 0.403125 0.2890625 0.403125 0.2890625 0.3640625