0 0.2625 0.33125 0.24375 0.33125 0.24375 0.36875 0.2625 0.36875 0.2625 0.33125
0 0.2703125 0.3796875 0.253125 0.3796875 0.253125 0.4109375 0.2703125 0.4109375 0.2703125 0.3796875
0 0.2875 0.3453125 0.271875 0.3453125 0.271875 0.3765625 0.2875 0.3765625 0.2875 0.3453125
0 0.2859375 0.3765625 0.2734375 0.3765625 0.2734375 0.3953125 0.2859375 0.3953125 0.2859375 0.3765625
0 0.325 0.38125 0.2953125 0.38125 0.2953125 0.425 0.325 0.425 0.325 0.38125
0 0.325 0.425 0.303125 0.425 0.303125 0.453125 0.325 0.453125 0.325 0.425
0 0.3515625 0.4125 0.3296875 0.4125 0.3296875 0.434375 0.3515625 0.434375 0.3515625 0.4125
0 0.3859375 0.4125 0.3578125 0.4125 0.3578125 0.4375 0.3859375 0.4375 0.3859375 0.4125
0 0.43125 0.45625 0.40625 0.45625 0.40625 0.4875 0.43125 0.4875 0.43125 0.45625
0 0.340625 0.6625 0.303125 0.6625 0.303125 0.6875 0.340625 0.6875 0.340625 0.6625
0 0.321875 0.578125 0.29375 0.578125 0.29375 0.60625 0.321875 0.60625 0.321875 0.578125
0 0.3375 0.5890625 0.321875 0.5890625 0.321875 0.6234375 0.3375 0.6234375 0.3375 0.5890625
0 0.325 0.6046875 0.309375 0.6046875 0.309375 0.625 0.325 0.625 0.325 0.6046875
0 0.4078125 0.6265625 0.3921875 0.6265625 0.3921875 0.6546875 0.4078125 0.6546875 0.4078125 0.6265625
0 0.4484375 0.5625 0.4265625 0.5625 0.4265625 0.59375 0.4484375 0.59375 0.4484375 0.5625
0 0.4375 0.65 0.4046875 0.65 0.4046875 0.6890625 0.4375 0.6890625 0.4375 0.65
0 0.50625 0.571875 0.4890625 0.571875 0.4890625 0.6140625 0.50625 0.6140625 0.50625 0.571875
0 0.4984375 0.6703125 0.4765625 0.6703125 0.4765625 0.7140625 0.4984375 0.7140625 0.4984375 0.6703125
0 0.4796875 0.3984375 0.4625 0.3984375 0.4625 0.4515625 0.4796875 0.4515625 0.4796875 0.3984375
0 0.5296875 0.4046875 0.5046875 0.4046875 0.5046875 0.4390625 0.5296875 0.4390625 0.5296875 0.4046875
0 0.5328125 0.4421875 0.509375 0.4421875 0.509375 0.4765625 0.5328125 0.4765625 0.5328125 0.4421875
0 0.58125 0.4765625 0.5640625 0.4765625 0.5640625 0.5140625 0.58125 0.5140625 0.58125 0.4765625
0 0.590625 0.55625 0.56875 0.55625 0.56875 0.5984375 0.590625 0.5984375 0.590625 0.55625
0 0.64375 0.6203125 0.61875 0.6203125 0.61875 0.6734375 0.64375 0.6734375 0.64375 0.6203125