0 0.4046875 0.321875 0.440625 0.321875 0.440625 0.2921875 0.4046875 0.2921875 0.4046875 0.321875
0 0.421875 0.3859375 0.45625 0.3859375 0.45625 0.3578125 0.421875 0.3578125 0.421875 0.3859375
0 0.5296875 0.3671875 0.56875 0.3671875 0.56875 0.3421875 0.5296875 0.3421875 0.5296875 0.3671875
0 0.3453125 0.3875 0.3796875 0.3875 0.3796875 0.35625 0.3453125 0.35625 0.3453125 0.3875
0 0.303125 0.384375 0.3390625 0.384375 0.3390625 0.34375 0.303125 0.34375 0.303125 0.384375
0 0.2765625 0.471875 0.3078125 0.471875 0.3078125 0.44375 0.2765625 0.44375 0.2765625 0.471875
0 0.28125 0.51875 0.3046875 0.51875 0.3046875 0.4953125 0.28125 0.4953125 0.28125 0.51875
0 0.3453125 0.58125 0.3796875 0.58125 0.3796875 0.5609375 0.3453125 0.5609375 0.3453125 0.58125
0 0.409375 0.5921875 0.44375 0.5921875 0.44375 0.5640625 0.409375 0.5640625 0.409375 0.5921875
0 0.4703125 0.5671875 0.5046875 0.5671875 0.5046875 0.5515625 0.4703125 0.5515625 0.4703125 0.5671875
0 0.521875 0.546875 0.575 0.546875 0.575 0.53125 0.521875 0.53125 0.521875 0.546875
0 0.496875 0.509375 0.528125 0.509375 0.528125 0.4921875 0.496875 0.4921875 0.496875 0.509375
0 0.475 0.4921875 0.5171875 0.4921875 0.5171875 0.4703125 0.475 0.4703125 0.475 0.4921875
0 0.58125 0.6171875 0.621875 0.6171875 0.621875 0.5953125 0.58125 0.5953125 0.58125 0.6171875
0 0.525 0.640625 0.553125 0.640625 0.553125 0.615625 0.525 0.615625 0.525 0.640625
0 0.2796875 0.68125 0.3203125 0.68125 0.3203125 0.659375 0.2796875 0.659375 0.2796875 0.68125
0 0.3921875 0.6546875 0.4328125 0.6546875 0.4328125 0.6390625 0.3921875 0.6390625 0.3921875 0.6546875
0 0.4546875 0.6578125 0.4796875 0.6578125 0.4796875 0.6390625 0.4546875 0.6390625 0.4546875 0.6578125
0 0.540625 0.6734375 0.578125 0.6734375 0.578125 0.6453125 0.540625 0.6453125 0.540625 0.6734375