0 0.6359375 0.3546875 0.6109375 0.3546875 0.6109375 0.4046875 0.6359375 0.4046875 0.6359375 0.3546875
0 0.58125 0.396875 0.540625 0.396875 0.540625 0.43125 0.58125 0.43125 0.58125 0.396875
0 0.6390625 0.509375 0.603125 0.509375 0.603125 0.540625 0.6390625 0.540625 0.6390625 0.509375
0 0.6359375 0.6 0.6015625 0.6 0.6015625 0.6359375 0.6359375 0.6359375 0.6359375 0.6
0 0.61875 0.6703125 0.590625 0.6703125 0.590625 0.6953125 0.61875 0.6953125 0.61875 0.6703125
0 0.6765625 0.55625 0.65625 0.55625 0.65625 0.6015625 0.6765625 0.6015625 0.6765625 0.55625
0 0.7140625 0.5 0.6671875 0.5 0.6671875 0.5359375 0.7140625 0.5359375 0.7140625 0.5
0 0.69375 0.7125 0.6546875 0.7125 0.6546875 0.7390625 0.69375 0.7390625 0.69375 0.7125
0 0.646875 0.7203125 0.628125 0.7203125 0.628125 0.746875 0.646875 0.746875 0.646875 0.7203125
0 0.6234375 0.7109375 0.59375 0.7109375 0.59375 0.7484375 0.6234375 0.7484375 0.6234375 0.7109375
0 0.5140625 0.6453125 0.496875 0.6453125 0.496875 0.6796875 0.5140625 0.6796875 0.5140625 0.6453125
0 0.4046875 0.6828125 0.38125 0.6828125 0.38125 0.7375 0.4046875 0.7375 0.4046875 0.6828125
0 0.5203125 0.6140625 0.4921875 0.6140625 0.4921875 0.6421875 0.5203125 0.6421875 0.5203125 0.6140625
0 0.5296875 0.5671875 0.5015625 0.5671875 0.5015625 0.5953125 0.5296875 0.5953125 0.5296875 0.5671875
0 0.5125 0.5140625 0.48125 0.5140625 0.48125 0.5453125 0.5125 0.5453125 0.5125 0.5140625
0 0.45625 0.521875 0.41875 0.521875 0.41875 0.553125 0.45625 0.553125 0.45625 0.521875
0 0.440625 0.5625 0.4078125 0.5625 0.4078125 0.596875 0.440625 0.596875 0.440625 0.5625
0 0.3796875 0.5515625 0.365625 0.5515625 0.365625 0.6125 0.3796875 0.6125 0.3796875 0.5515625
0 0.4078125 0.5828125 0.384375 0.5828125 0.384375 0.6203125 0.4078125 0.6203125 0.4078125 0.5828125
0 0.4234375 0.4328125 0.4 0.4328125 0.4 0.4609375 0.4234375 0.4609375 0.4234375 0.4328125
0 0.4859375 0.3828125 0.4640625 0.3828125 0.4640625 0.409375 0.4859375 0.409375 0.4859375 0.3828125
0 0.4828125 0.3484375 0.453125 0.3484375 0.453125 0.3828125 0.4828125 0.3828125 0.4828125 0.3484375
0 0.45 0.36875 0.425 0.36875 0.425 0.3921875 0.45 0.3921875 0.45 0.36875
0 0.45 0.3890625 0.425 0.3890625 0.425 0.4234375 0.45 0.4234375 0.45 0.3890625