0 0.6125 0.625 0.565625 0.625 0.565625 0.646875 0.6125 0.646875 0.6125 0.625
0 0.659375 0.5390625 0.625 0.5390625 0.625 0.5640625 0.659375 0.5640625 0.659375 0.5390625
0 0.6796875 0.459375 0.6265625 0.459375 0.6265625 0.484375 0.6796875 0.484375 0.6796875 0.459375
0 0.646875 0.4375 0.603125 0.4375 0.603125 0.453125 0.646875 0.453125 0.646875 0.4375
0 0.715625 0.3875 0.690625 0.3875 0.690625 0.4171875 0.715625 0.4171875 0.715625 0.3875
0 0.6796875 0.3796875 0.6359375 0.3796875 0.6359375 0.403125 0.6796875 0.403125 0.6796875 0.3796875
0 0.7265625 0.2796875 0.6765625 0.2796875 0.6765625 0.3140625 0.7265625 0.3140625 0.7265625 0.2796875
0 0.6421875 0.3125 0.6078125 0.3125 0.6078125 0.340625 0.6421875 0.340625 0.6421875 0.3125
0 0.4484375 0.3953125 0.4015625 0.3953125 0.4015625 0.4234375 0.4484375 0.4234375 0.4484375 0.3953125
0 0.428125 0.4875 0.4 0.4875 0.4 0.5171875 0.428125 0.5171875 0.428125 0.4875
0 0.3375 0.4453125 0.309375 0.4453125 0.309375 0.478125 0.3375 0.478125 0.3375 0.4453125
0 0.3515625 0.5953125 0.3234375 0.5953125 0.3234375 0.6140625 0.3515625 0.6140625 0.3515625 0.5953125
0 0.3734375 0.6140625 0.3390625 0.6140625 0.3390625 0.6359375 0.3734375 0.6359375 0.3734375 0.6140625
0 0.475 0.634375 0.43125 0.634375 0.43125 0.6625 0.475 0.6625 0.475 0.634375