0 0.6359375 0.3109375 0.590625 0.3109375 0.590625 0.3421875 0.6359375 0.3421875 0.6359375 0.3109375
0 0.5484375 0.3328125 0.515625 0.3328125 0.515625 0.384375 0.5484375 0.384375 0.5484375 0.3328125
0 0.4515625 0.2828125 0.4171875 0.2828125 0.4171875 0.3265625 0.4515625 0.3265625 0.4515625 0.2828125
0 0.353125 0.396875 0.315625 0.396875 0.315625 0.4296875 0.353125 0.4296875 0.353125 0.396875
0 0.4109375 0.446875 0.3890625 0.446875 0.3890625 0.490625 0.4109375 0.490625 0.4109375 0.446875
0 0.3375 0.5734375 0.309375 0.5734375 0.309375 0.6265625 0.3375 0.6265625 0.3375 0.5734375
0 0.4140625 0.6078125 0.3890625 0.6078125 0.3890625 0.659375 0.4140625 0.659375 0.4140625 0.6078125
0 0.45 0.5171875 0.421875 0.5171875 0.421875 0.5640625 0.45 0.5640625 0.45 0.5171875
0 0.503125 0.6953125 0.4609375 0.6953125 0.4609375 0.7234375 0.503125 0.7234375 0.503125 0.6953125
0 0.671875 0.7203125 0.63125 0.7203125 0.63125 0.74375 0.671875 0.74375 0.671875 0.7203125
0 0.7328125 0.7109375 0.7046875 0.7109375 0.7046875 0.740625 0.7328125 0.740625 0.7328125 0.7109375
0 0.7546875 0.6375 0.7296875 0.6375 0.7296875 0.675 0.7546875 0.675 0.7546875 0.6375
0 0.709375 0.6734375 0.675 0.6734375 0.675 0.69375 0.709375 0.69375 0.709375 0.6734375
0 0.7046875 0.4921875 0.6859375 0.4921875 0.6859375 0.5296875 0.7046875 0.5296875 0.7046875 0.4921875
0 0.678125 0.4625 0.659375 0.4625 0.659375 0.5 0.678125 0.5 0.678125 0.4625
0 0.61875 0.4625 0.59375 0.4625 0.59375 0.503125 0.61875 0.503125 0.61875 0.4625
0 0.5765625 0.4421875 0.5515625 0.4421875 0.5515625 0.48125 0.5765625 0.48125 0.5765625 0.4421875
0 0.5265625 0.43125 0.5015625 0.43125 0.5015625 0.4828125 0.5265625 0.4828125 0.5265625 0.43125
0 0.4984375 0.478125 0.4765625 0.478125 0.4765625 0.528125 0.4984375 0.528125 0.4984375 0.478125
0 0.553125 0.5875 0.53125 0.5875 0.53125 0.6265625 0.553125 0.6265625 0.553125 0.5875
0 0.5875 0.58125 0.553125 0.58125 0.553125 0.6265625 0.5875 0.6265625 0.5875 0.58125
0 0.6734375 0.578125 0.6515625 0.578125 0.6515625 0.6046875 0.6734375 0.6046875 0.6734375 0.578125
0 0.6890625 0.5421875 0.665625 0.5421875 0.665625 0.571875 0.6890625 0.571875 0.6890625 0.5421875