0 0.353125 0.434375 0.3765625 0.434375 0.3765625 0.3875 0.353125 0.3875 0.353125 0.434375
0 0.4359375 0.375 0.4609375 0.375 0.4609375 0.340625 0.4359375 0.340625 0.4359375 0.375
0 0.515625 0.3734375 0.5421875 0.3734375 0.5421875 0.3203125 0.515625 0.3203125 0.515625 0.3734375
0 0.546875 0.3984375 0.5625 0.3984375 0.5625 0.353125 0.546875 0.353125 0.546875 0.3984375
0 0.5828125 0.3109375 0.6125 0.3109375 0.6125 0.284375 0.5828125 0.284375 0.5828125 0.3109375
0 0.5984375 0.365625 0.621875 0.365625 0.621875 0.321875 0.5984375 0.321875 0.5984375 0.365625
0 0.6859375 0.3234375 0.7203125 0.3234375 0.7203125 0.275 0.6859375 0.275 0.6859375 0.3234375
0 0.659375 0.3921875 0.6875 0.3921875 0.6875 0.359375 0.659375 0.359375 0.659375 0.3921875
0 0.5765625 0.5984375 0.6046875 0.5984375 0.6046875 0.553125 0.5765625 0.553125 0.5765625 0.5984375
0 0.4828125 0.6 0.5125 0.6 0.5125 0.571875 0.4828125 0.571875 0.4828125 0.6
0 0.521875 0.690625 0.5546875 0.690625 0.5546875 0.6625 0.521875 0.6625 0.521875 0.690625
0 0.3859375 0.6765625 0.4046875 0.6765625 0.4046875 0.6484375 0.3859375 0.6484375 0.3859375 0.6765625
0 0.3640625 0.6609375 0.3859375 0.6609375 0.3859375 0.628125 0.3640625 0.628125 0.3640625 0.6609375
0 0.3375 0.56875 0.365625 0.56875 0.365625 0.525 0.3375 0.525 0.3375 0.56875