0 0.7359375 0.246875 0.7125 0.246875 0.7125 0.275 0.7359375 0.275 0.7359375 0.246875
0 0.7140625 0.3875 0.68125 0.3875 0.68125 0.425 0.7140625 0.425 0.7140625 0.3875
0 0.675 0.278125 0.640625 0.278125 0.640625 0.303125 0.675 0.303125 0.675 0.278125
0 0.7 0.2609375 0.678125 0.2609375 0.678125 0.2984375 0.7 0.2984375 0.7 0.2609375
0 0.5953125 0.2671875 0.5578125 0.2671875 0.5578125 0.3 0.5953125 0.3 0.5953125 0.2671875
0 0.5328125 0.25 0.5 0.25 0.5 0.2859375 0.5328125 0.2859375 0.5328125 0.25
0 0.4125 0.2921875 0.3875 0.2921875 0.3875 0.3296875 0.4125 0.3296875 0.4125 0.2921875
0 0.4015625 0.3578125 0.3671875 0.3578125 0.3671875 0.3921875 0.4015625 0.3921875 0.4015625 0.3578125
0 0.4484375 0.446875 0.4234375 0.446875 0.4234375 0.4875 0.4484375 0.4875 0.4484375 0.446875
0 0.684375 0.465625 0.6515625 0.465625 0.6515625 0.4953125 0.684375 0.4953125 0.684375 0.465625
0 0.6171875 0.45625 0.5890625 0.45625 0.5890625 0.5 0.6171875 0.5 0.6171875 0.45625
0 0.5421875 0.403125 0.525 0.403125 0.525 0.4625 0.5421875 0.4625 0.5421875 0.403125
0 0.5390625 0.359375 0.5015625 0.359375 0.5015625 0.3921875 0.5390625 0.3921875 0.5390625 0.359375
0 0.4984375 0.70625 0.471875 0.70625 0.471875 0.728125 0.4984375 0.728125 0.4984375 0.70625
0 0.425 0.6453125 0.4046875 0.6453125 0.4046875 0.675 0.425 0.675 0.425 0.6453125
0 0.453125 0.5921875 0.4328125 0.5921875 0.4328125 0.6171875 0.453125 0.6171875 0.453125 0.5921875
0 0.4125 0.5953125 0.3875 0.5953125 0.3875 0.6234375 0.4125 0.6234375 0.4125 0.5953125
0 0.5546875 0.6203125 0.534375 0.6203125 0.534375 0.6609375 0.5546875 0.6609375 0.5546875 0.6203125
0 0.5453125 0.56875 0.53125 0.56875 0.53125 0.6109375 0.5453125 0.6109375 0.5453125 0.56875
0 0.5890625 0.575 0.5640625 0.575 0.5640625 0.609375 0.5890625 0.609375 0.5890625 0.575
0 0.6203125 0.5953125 0.6015625 0.5953125 0.6015625 0.63125 0.6203125 0.63125 0.6203125 0.5953125
0 0.55 0.5 0.534375 0.5 0.534375 0.5328125 0.55 0.5328125 0.55 0.5
0 0.525 0.5015625 0.4984375 0.5015625 0.4984375 0.5296875 0.525 0.5296875 0.525 0.5015625
0 0.4953125 0.5140625 0.471875 0.5140625 0.471875 0.5421875 0.4953125 0.5421875 0.4953125 0.5140625
0 0.5296875 0.546875 0.5015625 0.546875 0.5015625 0.5734375 0.5296875 0.5734375 0.5296875 0.546875
0 0.496875 0.5484375 0.465625 0.5484375 0.465625 0.5796875 0.496875 0.5796875 0.496875 0.5484375