0 0.703125 0.371875 0.721875 0.371875 0.721875 0.3375 0.703125 0.3375 0.703125 0.371875
0 0.715625 0.4078125 0.7359375 0.4078125 0.7359375 0.3796875 0.715625 0.3796875 0.715625 0.4078125
0 0.6796875 0.428125 0.7015625 0.428125 0.7015625 0.396875 0.6796875 0.396875 0.6796875 0.428125
0 0.709375 0.6125 0.7375 0.6125 0.7375 0.56875 0.709375 0.56875 0.709375 0.6125
0 0.6546875 0.621875 0.6734375 0.621875 0.6734375 0.5609375 0.6546875 0.5609375 0.6546875 0.621875
0 0.56875 0.6015625 0.6046875 0.6015625 0.6046875 0.5671875 0.56875 0.5671875 0.56875 0.6015625
0 0.56875 0.5046875 0.590625 0.5046875 0.590625 0.484375 0.56875 0.484375 0.56875 0.5046875
0 0.5203125 0.546875 0.5359375 0.546875 0.5359375 0.5125 0.5203125 0.5125 0.5203125 0.546875
0 0.5578125 0.6859375 0.5734375 0.6859375 0.5734375 0.6609375 0.5578125 0.6609375 0.5578125 0.6859375
0 0.5328125 0.7 0.5546875 0.7 0.5546875 0.675 0.5328125 0.675 0.5328125 0.7
0 0.58125 0.3828125 0.6 0.3828125 0.6 0.3484375 0.58125 0.3484375 0.58125 0.3828125
0 0.6015625 0.3640625 0.61875 0.3640625 0.61875 0.3234375 0.6015625 0.3234375 0.6015625 0.3640625
0 0.6875 0.2828125 0.709375 0.2828125 0.709375 0.2546875 0.6875 0.2546875 0.6875 0.2828125
0 0.7171875 0.2703125 0.7484375 0.2703125 0.7484375 0.2359375 0.7171875 0.2359375 0.7171875 0.2703125
0 0.6 0.26875 0.634375 0.26875 0.634375 0.24375 0.6 0.24375 0.6 0.26875
0 0.6078125 0.309375 0.6234375 0.309375 0.6234375 0.28125 0.6078125 0.28125 0.6078125 0.309375
0 0.6296875 0.296875 0.653125 0.296875 0.653125 0.265625 0.6296875 0.265625 0.6296875 0.296875
0 0.5546875 0.3015625 0.5734375 0.3015625 0.5734375 0.2640625 0.5546875 0.2640625 0.5546875 0.3015625
0 0.490625 0.303125 0.5078125 0.303125 0.5078125 0.2671875 0.490625 0.2671875 0.490625 0.303125
0 0.4703125 0.3671875 0.4921875 0.3671875 0.4921875 0.3328125 0.4703125 0.3328125 0.4703125 0.3671875
0 0.4375 0.3125 0.4578125 0.3125 0.4578125 0.2875 0.4375 0.2875 0.4375 0.3125
0 0.40625 0.315625 0.43125 0.315625 0.43125 0.290625 0.40625 0.290625 0.40625 0.315625
0 0.36875 0.375 0.3875 0.375 0.3875 0.346875 0.36875 0.346875 0.36875 0.375
0 0.4234375 0.390625 0.4515625 0.390625 0.4515625 0.3671875 0.4234375 0.3671875 0.4234375 0.390625
0 0.3984375 0.3921875 0.415625 0.3921875 0.415625 0.36875 0.3984375 0.36875 0.3984375 0.3921875
0 0.4046875 0.5 0.4234375 0.5 0.4234375 0.4578125 0.4046875 0.4578125 0.4046875 0.5
0 0.359375 0.48125 0.3765625 0.48125 0.3765625 0.446875 0.359375 0.446875 0.359375 0.48125
0 0.3625 0.5484375 0.384375 0.5484375 0.384375 0.509375 0.3625 0.509375 0.3625 0.5484375
0 0.346875 0.6484375 0.3671875 0.6484375 0.3671875 0.6203125 0.346875 0.6203125 0.346875 0.6484375
0 0.3671875 0.665625 0.3890625 0.665625 0.3890625 0.6296875 0.3671875 0.6296875 0.3671875 0.665625