0 0.7421875 0.4484375 0.7203125 0.4484375 0.7203125 0.4796875 0.7421875 0.4796875 0.7421875 0.4484375
0 0.7453125 0.61875 0.7109375 0.61875 0.7109375 0.6640625 0.7453125 0.6640625 0.7453125 0.61875
0 0.70625 0.4921875 0.66875 0.4921875 0.66875 0.528125 0.70625 0.528125 0.70625 0.4921875
0 0.703125 0.4234375 0.684375 0.4234375 0.684375 0.471875 0.703125 0.471875 0.703125 0.4234375
0 0.659375 0.49375 0.6359375 0.49375 0.6359375 0.5359375 0.659375 0.5359375 0.659375 0.49375
0 0.6078125 0.53125 0.5828125 0.53125 0.5828125 0.565625 0.6078125 0.565625 0.6078125 0.53125
0 0.6015625 0.596875 0.565625 0.596875 0.565625 0.628125 0.6015625 0.628125 0.6015625 0.596875
0 0.45625 0.609375 0.428125 0.609375 0.428125 0.6546875 0.45625 0.6546875 0.45625 0.609375
0 0.525 0.4921875 0.49375 0.4921875 0.49375 0.521875 0.525 0.521875 0.525 0.4921875
0 0.6359375 0.3859375 0.59375 0.3859375 0.59375 0.43125 0.6359375 0.43125 0.6359375 0.3859375
0 0.5953125 0.2984375 0.55625 0.2984375 0.55625 0.3609375 0.5953125 0.3609375 0.5953125 0.2984375
0 0.4875 0.28125 0.4546875 0.28125 0.4546875 0.309375 0.4875 0.309375 0.4875 0.28125
0 0.3953125 0.3609375 0.3671875 0.3609375 0.3671875 0.4 0.3953125 0.4 0.3953125 0.3609375
0 0.4359375 0.428125 0.4078125 0.428125 0.4078125 0.4625 0.4359375 0.4625 0.4359375 0.428125
0 0.4328125 0.4890625 0.4046875 0.4890625 0.4046875 0.5359375 0.4328125 0.5359375 0.4328125 0.4890625