0 0.4234375 0.7609375 0.4671875 0.7609375 0.4671875 0.7296875 0.4234375 0.7296875 0.4234375 0.7609375
0 0.3671875 0.653125 0.4140625 0.653125 0.4140625 0.63125 0.3671875 0.63125 0.3671875 0.653125
0 0.3296875 0.534375 0.3765625 0.534375 0.3765625 0.5125 0.3296875 0.5125 0.3296875 0.534375
0 0.340625 0.459375 0.39375 0.459375 0.39375 0.428125 0.340625 0.428125 0.340625 0.459375
0 0.31875 0.375 0.3609375 0.375 0.3609375 0.35 0.31875 0.35 0.31875 0.375
0 0.43125 0.640625 0.45625 0.640625 0.45625 0.609375 0.43125 0.609375 0.43125 0.640625
0 0.496875 0.65 0.5375 0.65 0.5375 0.621875 0.496875 0.621875 0.496875 0.65
0 0.3328125 0.765625 0.3796875 0.765625 0.3796875 0.746875 0.3328125 0.746875 0.3328125 0.765625
0 0.38125 0.7375 0.4171875 0.7375 0.4171875 0.709375 0.38125 0.709375 0.38125 0.7375
0 0.459375 0.665625 0.4953125 0.665625 0.4953125 0.65 0.459375 0.65 0.459375 0.665625
0 0.5578125 0.7640625 0.5859375 0.7640625 0.5859375 0.7296875 0.5578125 0.7296875 0.5578125 0.7640625
0 0.559375 0.696875 0.5875 0.696875 0.5875 0.6734375 0.559375 0.6734375 0.559375 0.696875
0 0.5984375 0.6640625 0.6328125 0.6640625 0.6328125 0.6421875 0.5984375 0.6421875 0.5984375 0.6640625
0 0.64375 0.740625 0.684375 0.740625 0.684375 0.7203125 0.64375 0.7203125 0.64375 0.740625
0 0.665625 0.6984375 0.696875 0.6984375 0.696875 0.675 0.665625 0.675 0.665625 0.6984375
0 0.696875 0.621875 0.7328125 0.621875 0.7328125 0.6046875 0.696875 0.6046875 0.696875 0.621875
0 0.640625 0.6578125 0.671875 0.6578125 0.671875 0.6421875 0.640625 0.6421875 0.640625 0.6578125
0 0.6453125 0.621875 0.6890625 0.621875 0.6890625 0.6015625 0.6453125 0.6015625 0.6453125 0.621875
0 0.6140625 0.59375 0.6640625 0.59375 0.6640625 0.575 0.6140625 0.575 0.6140625 0.59375
0 0.5546875 0.5234375 0.6015625 0.5234375 0.6015625 0.5015625 0.5546875 0.5015625 0.5546875 0.5234375
0 0.646875 0.4890625 0.68125 0.4890625 0.68125 0.4609375 0.646875 0.4609375 0.646875 0.4890625
0 0.65 0.3953125 0.678125 0.3953125 0.678125 0.3640625 0.65 0.3640625 0.65 0.3953125
0 0.56875 0.4125 0.6078125 0.4125 0.6078125 0.3921875 0.56875 0.3921875 0.56875 0.4125