0 0.4046875 0.26875 0.3875 0.26875 0.3875 0.3015625 0.4046875 0.3015625 0.4046875 0.26875
0 0.390625 0.375 0.3765625 0.375 0.3765625 0.41875 0.390625 0.41875 0.390625 0.375
0 0.4328125 0.3265625 0.3953125 0.3265625 0.3953125 0.3625 0.4328125 0.3625 0.4328125 0.3265625
0 0.4484375 0.5578125 0.4296875 0.5578125 0.4296875 0.5984375 0.4484375 0.5984375 0.4484375 0.5578125
0 0.4875 0.525 0.465625 0.525 0.465625 0.5546875 0.4875 0.5546875 0.4875 0.525
0 0.5265625 0.534375 0.4953125 0.534375 0.4953125 0.565625 0.5265625 0.565625 0.5265625 0.534375
0 0.5828125 0.6046875 0.54375 0.6046875 0.54375 0.63125 0.5828125 0.63125 0.5828125 0.6046875
0 0.571875 0.5015625 0.55625 0.5015625 0.55625 0.5453125 0.571875 0.5453125 0.571875 0.5015625
0 0.553125 0.3703125 0.528125 0.3703125 0.528125 0.428125 0.553125 0.428125 0.553125 0.3703125
0 0.615625 0.328125 0.5921875 0.328125 0.5921875 0.378125 0.615625 0.378125 0.615625 0.328125
0 0.634375 0.409375 0.615625 0.409375 0.615625 0.4609375 0.634375 0.4609375 0.634375 0.409375
0 0.621875 0.4828125 0.5875 0.4828125 0.5875 0.50625 0.621875 0.50625 0.621875 0.4828125
0 0.675 0.5484375 0.6609375 0.5484375 0.6609375 0.5828125 0.675 0.5828125 0.675 0.5484375
0 0.671875 0.5921875 0.64375 0.5921875 0.64375 0.61875 0.671875 0.61875 0.671875 0.5921875
0 0.7328125 0.4234375 0.7078125 0.4234375 0.7078125 0.459375 0.7328125 0.459375 0.7328125 0.4234375
0 0.7375 0.29375 0.7234375 0.29375 0.7234375 0.340625 0.7375 0.340625 0.7375 0.29375
0 0.71875 0.2828125 0.684375 0.2828125 0.684375 0.309375 0.71875 0.309375 0.71875 0.2828125