0 0.746875 0.3484375 0.71875 0.3484375 0.71875 0.378125 0.746875 0.378125 0.746875 0.3484375
0 0.7296875 0.565625 0.703125 0.565625 0.703125 0.5984375 0.7296875 0.5984375 0.7296875 0.565625
0 0.7234375 0.6453125 0.69375 0.6453125 0.69375 0.6828125 0.7234375 0.6828125 0.7234375 0.6453125
0 0.69375 0.7359375 0.6625 0.7359375 0.6625 0.7640625 0.69375 0.7640625 0.69375 0.7359375
0 0.646875 0.7640625 0.590625 0.7640625 0.590625 0.7984375 0.646875 0.7984375 0.646875 0.7640625
0 0.3984375 0.7515625 0.3578125 0.7515625 0.3578125 0.7984375 0.3984375 0.7984375 0.3984375 0.7515625
0 0.4625 0.5625 0.4265625 0.5625 0.4265625 0.6046875 0.4625 0.6046875 0.4625 0.5625
0 0.5890625 0.5109375 0.56875 0.5109375 0.56875 0.5578125 0.5890625 0.5578125 0.5890625 0.5109375
0 0.5546875 0.5 0.53125 0.5 0.53125 0.534375 0.5546875 0.534375 0.5546875 0.5
0 0.5328125 0.4921875 0.5 0.4921875 0.5 0.5234375 0.5328125 0.5234375 0.5328125 0.4921875
0 0.575 0.3828125 0.54375 0.3828125 0.54375 0.4328125 0.575 0.4328125 0.575 0.3828125
0 0.525 0.4546875 0.4984375 0.4546875 0.4984375 0.4828125 0.525 0.4828125 0.525 0.4546875
0 0.496875 0.4734375 0.4640625 0.4734375 0.4640625 0.5015625 0.496875 0.5015625 0.496875 0.4734375
0 0.540625 0.3203125 0.49375 0.3203125 0.49375 0.3609375 0.540625 0.3609375 0.540625 0.3203125
0 0.5640625 0.2296875 0.534375 0.2296875 0.534375 0.2640625 0.5640625 0.2640625 0.5640625 0.2296875
0 0.4625 0.2359375 0.4328125 0.2359375 0.4328125 0.275 0.4625 0.275 0.4625 0.2359375
0 0.4546875 0.3828125 0.4359375 0.3828125 0.4359375 0.409375 0.4546875 0.409375 0.4546875 0.3828125
0 0.428125 0.325 0.40625 0.325 0.40625 0.3484375 0.428125 0.3484375 0.428125 0.325
0 0.41875 0.3515625 0.3984375 0.3515625 0.3984375 0.38125 0.41875 0.38125 0.41875 0.3515625
0 0.3921875 0.415625 0.371875 0.415625 0.371875 0.440625 0.3921875 0.440625 0.3921875 0.415625
0 0.505569584375 0.28488480312500003 0.4791717875 0.25120010625 0.46090919062499996 0.26551201562500004 0.48730698749999996 0.2991967125 0.505569584375 0.28488480312500003
0 0.5166539203125 0.2807192375 0.4989995546875 0.2469276796875 0.4829674125 0.2553036578125 0.500621778125 0.2890952140625 0.5166539203125 0.2807192375