0 0.6296875 0.45625 0.6578125 0.45625 0.6578125 0.434375 0.6296875 0.434375 0.6296875 0.45625
0 0.61875 0.5 0.6484375 0.5 0.6484375 0.4765625 0.61875 0.4765625 0.61875 0.5
0 0.515625 0.6828125 0.553125 0.6828125 0.553125 0.6546875 0.515625 0.6546875 0.515625 0.6828125
0 0.578125 0.709375 0.609375 0.709375 0.609375 0.678125 0.578125 0.678125 0.578125 0.709375
0 0.6453125 0.7140625 0.6765625 0.7140625 0.6765625 0.6703125 0.6453125 0.6703125 0.6453125 0.7140625
0 0.61875 0.7515625 0.659375 0.7515625 0.659375 0.7171875 0.61875 0.7171875 0.61875 0.7515625
0 0.553125 0.80625 0.5765625 0.80625 0.5765625 0.771875 0.553125 0.771875 0.553125 0.80625
0 0.4234375 0.8046875 0.4484375 0.8046875 0.4484375 0.7765625 0.4234375 0.7765625 0.4234375 0.8046875
0 0.378125 0.76875 0.39375 0.76875 0.39375 0.7375 0.378125 0.7375 0.378125 0.76875
0 0.2734375 0.7625 0.2953125 0.7625 0.2953125 0.71875 0.2734375 0.71875 0.2734375 0.7625
0 0.30625 0.7078125 0.3375 0.7078125 0.3375 0.6859375 0.30625 0.6859375 0.30625 0.7078125
0 0.2765625 0.6375 0.3 0.6375 0.3 0.603125 0.2765625 0.603125 0.2765625 0.6375
0 0.3140625 0.60625 0.3359375 0.60625 0.3359375 0.578125 0.3140625 0.578125 0.3140625 0.60625
0 0.3953125 0.6078125 0.4171875 0.6078125 0.4171875 0.565625 0.3953125 0.565625 0.3953125 0.6078125
0 0.425 0.5453125 0.446875 0.5453125 0.446875 0.5171875 0.425 0.5171875 0.425 0.5453125
0 0.3890625 0.55 0.4125 0.55 0.4125 0.521875 0.3890625 0.521875 0.3890625 0.55
0 0.384375 0.5109375 0.40625 0.5109375 0.40625 0.475 0.384375 0.475 0.384375 0.5109375
0 0.3171875 0.471875 0.3390625 0.471875 0.3390625 0.4375 0.3171875 0.4375 0.3171875 0.471875
0 0.2640625 0.453125 0.284375 0.453125 0.284375 0.425 0.2640625 0.425 0.2640625 0.453125