0 0.3953125 0.64375 0.3640625 0.64375 0.3640625 0.6859375 0.3953125 0.6859375 0.3953125 0.64375
0 0.4828125 0.6484375 0.4390625 0.6484375 0.4390625 0.6703125 0.4828125 0.6703125 0.4828125 0.6484375
0 0.5359375 0.6140625 0.4859375 0.6140625 0.4859375 0.634375 0.5359375 0.634375 0.5359375 0.6140625
0 0.5890625 0.5875 0.5609375 0.5875 0.5609375 0.61875 0.5890625 0.61875 0.5890625 0.5875
0 0.5109375 0.5796875 0.4765625 0.5796875 0.4765625 0.5984375 0.5109375 0.5984375 0.5109375 0.5796875
0 0.35625 0.559375 0.33125 0.559375 0.33125 0.5875 0.35625 0.5875 0.35625 0.559375
0 0.5 0.5 0.459375 0.5 0.459375 0.5203125 0.5 0.5203125 0.5 0.5
0 0.540625 0.484375 0.5125 0.484375 0.5125 0.5078125 0.540625 0.5078125 0.540625 0.484375
0 0.6546875 0.584375 0.61875 0.584375 0.61875 0.603125 0.6546875 0.603125 0.6546875 0.584375
0 0.69375 0.5609375 0.665625 0.5609375 0.665625 0.5828125 0.69375 0.5828125 0.69375 0.5609375
0 0.6421875 0.5609375 0.6078125 0.5609375 0.6078125 0.5796875 0.6421875 0.5796875 0.6421875 0.5609375
0 0.665625 0.5234375 0.634375 0.5234375 0.634375 0.553125 0.665625 0.553125 0.665625 0.5234375
0 0.6875 0.4640625 0.6625 0.4640625 0.6625 0.496875 0.6875 0.496875 0.6875 0.4640625
0 0.7 0.415625 0.6578125 0.415625 0.6578125 0.4375 0.7 0.4375 0.7 0.415625
0 0.6421875 0.4171875 0.60625 0.4171875 0.60625 0.440625 0.6421875 0.440625 0.6421875 0.4171875
0 0.6125 0.346875 0.58125 0.346875 0.58125 0.371875 0.6125 0.371875 0.6125 0.346875
0 0.55 0.359375 0.5109375 0.359375 0.5109375 0.3765625 0.55 0.3765625 0.55 0.359375
0 0.440625 0.415625 0.4125 0.415625 0.4125 0.434375 0.440625 0.434375 0.440625 0.415625
0 0.3796875 0.4359375 0.3453125 0.4359375 0.3453125 0.4578125 0.3796875 0.4578125 0.3796875 0.4359375
0 0.3375 0.4296875 0.30625 0.4296875 0.30625 0.4515625 0.3375 0.4515625 0.3375 0.4296875
0 0.4078125 0.3953125 0.3828125 0.3953125 0.3828125 0.4140625 0.4078125 0.4140625 0.4078125 0.3953125
0 0.434375 0.3515625 0.384375 0.3515625 0.384375 0.3703125 0.434375 0.3703125 0.434375 0.3515625
0 0.3859375 0.3203125 0.3578125 0.3203125 0.3578125 0.3390625 0.3859375 0.3390625 0.3859375 0.3203125
0 0.3375 0.3484375 0.30625 0.3484375 0.30625 0.3703125 0.3375 0.3703125 0.3375 0.3484375