0 0.225 0.321875 0.2671875 0.321875 0.2671875 0.3015625 0.225 0.3015625 0.225 0.321875
0 0.234375 0.3859375 0.2703125 0.3859375 0.2703125 0.3609375 0.234375 0.3609375 0.234375 0.3859375
0 0.2796875 0.296875 0.3078125 0.296875 0.3078125 0.2625 0.2796875 0.2625 0.2796875 0.296875
0 0.3515625 0.296875 0.3828125 0.296875 0.3828125 0.2609375 0.3515625 0.2609375 0.3515625 0.296875
0 0.40625 0.3640625 0.4375 0.3640625 0.4375 0.3359375 0.40625 0.3359375 0.40625 0.3640625
0 0.446875 0.359375 0.475 0.359375 0.475 0.328125 0.446875 0.328125 0.446875 0.359375
0 0.6328125 0.2890625 0.6578125 0.2890625 0.6578125 0.259375 0.6328125 0.259375 0.6328125 0.2890625
0 0.6109375 0.33125 0.6359375 0.33125 0.6359375 0.309375 0.6109375 0.309375 0.6109375 0.33125
0 0.575 0.334375 0.6109375 0.334375 0.6109375 0.3140625 0.575 0.3140625 0.575 0.334375
0 0.534375 0.359375 0.56875 0.359375 0.56875 0.334375 0.534375 0.334375 0.534375 0.359375
0 0.5453125 0.396875 0.5765625 0.396875 0.5765625 0.3765625 0.5453125 0.3765625 0.5453125 0.396875
0 0.6015625 0.4421875 0.61875 0.4421875 0.61875 0.4078125 0.6015625 0.4078125 0.6015625 0.4421875
0 0.4390625 0.528125 0.4734375 0.528125 0.4734375 0.50625 0.4390625 0.50625 0.4390625 0.528125
0 0.48125 0.584375 0.503125 0.584375 0.503125 0.546875 0.48125 0.546875 0.48125 0.584375
0 0.45 0.5921875 0.484375 0.5921875 0.484375 0.5734375 0.45 0.5734375 0.45 0.5921875
0 0.5703125 0.584375 0.6125 0.584375 0.6125 0.56875 0.5703125 0.56875 0.5703125 0.584375
0 0.5609375 0.63125 0.5984375 0.63125 0.5984375 0.615625 0.5609375 0.615625 0.5609375 0.63125
0 0.3640625 0.59375 0.4078125 0.59375 0.4078125 0.5703125 0.3640625 0.5703125 0.3640625 0.59375
0 0.3359375 0.5640625 0.3609375 0.5640625 0.3609375 0.5421875 0.3359375 0.5421875 0.3359375 0.5640625
0 0.2890625 0.534375 0.328125 0.534375 0.328125 0.50625 0.2890625 0.50625 0.2890625 0.534375
0 0.2609375 0.5828125 0.2953125 0.5828125 0.2953125 0.5515625 0.2609375 0.5515625 0.2609375 0.5828125
0 0.328125 0.6421875 0.359375 0.6421875 0.359375 0.6125 0.328125 0.6125 0.328125 0.6421875
0 0.284375 0.675 0.3125 0.675 0.3125 0.646875 0.284375 0.646875 0.284375 0.675