0 0.7515625 0.4078125 0.725 0.4078125 0.725 0.440625 0.7515625 0.440625 0.7515625 0.4078125
0 0.721875 0.328125 0.6890625 0.328125 0.6890625 0.3734375 0.721875 0.3734375 0.721875 0.328125
0 0.65 0.4765625 0.621875 0.4765625 0.621875 0.509375 0.65 0.509375 0.65 0.4765625
0 0.6515625 0.509375 0.63125 0.509375 0.63125 0.5421875 0.6515625 0.5421875 0.6515625 0.509375
0 0.6734375 0.5515625 0.6390625 0.5515625 0.6390625 0.578125 0.6734375 0.578125 0.6734375 0.5515625
0 0.5796875 0.4421875 0.5515625 0.4421875 0.5515625 0.4765625 0.5796875 0.4765625 0.5796875 0.4421875
0 0.5484375 0.465625 0.5203125 0.465625 0.5203125 0.4953125 0.5484375 0.4953125 0.5484375 0.465625
0 0.471875 0.46875 0.43125 0.46875 0.43125 0.5109375 0.471875 0.5109375 0.471875 0.46875
0 0.43125 0.584375 0.4046875 0.584375 0.4046875 0.6171875 0.43125 0.6171875 0.43125 0.584375
0 0.4375 0.3703125 0.4109375 0.3703125 0.4109375 0.4015625 0.4375 0.4015625 0.4375 0.3703125
0 0.396875 0.3234375 0.371875 0.3234375 0.371875 0.365625 0.396875 0.365625 0.396875 0.3234375
0 0.3859375 0.234375 0.3625 0.234375 0.3625 0.26875 0.3859375 0.26875 0.3859375 0.234375