0 0.7109375 0.6671875 0.7328125 0.6671875 0.7328125 0.625 0.7109375 0.625 0.7109375 0.6671875
0 0.6984375 0.609375 0.7265625 0.609375 0.7265625 0.56875 0.6984375 0.56875 0.6984375 0.609375
0 0.6921875 0.553125 0.7140625 0.553125 0.7140625 0.5125 0.6921875 0.5125 0.6921875 0.553125
0 0.6171875 0.640625 0.6421875 0.640625 0.6421875 0.58125 0.6171875 0.58125 0.6171875 0.640625
0 0.571875 0.55625 0.6078125 0.55625 0.6078125 0.528125 0.571875 0.528125 0.571875 0.55625
0 0.528125 0.5328125 0.5625 0.5328125 0.5625 0.503125 0.528125 0.503125 0.528125 0.5328125
0 0.528125 0.63125 0.55625 0.63125 0.55625 0.5796875 0.528125 0.5796875 0.528125 0.63125
0 0.49375 0.5140625 0.5203125 0.5140625 0.5203125 0.46875 0.49375 0.46875 0.49375 0.5140625
0 0.6015625 0.4515625 0.6265625 0.4515625 0.6265625 0.425 0.6015625 0.425 0.6015625 0.4515625
0 0.659375 0.425 0.68125 0.425 0.68125 0.36875 0.659375 0.36875 0.659375 0.425
0 0.6078125 0.34375 0.634375 0.34375 0.634375 0.3203125 0.6078125 0.3203125 0.6078125 0.34375
0 0.5734375 0.31875 0.6140625 0.31875 0.6140625 0.2953125 0.5734375 0.2953125 0.5734375 0.31875
0 0.384375 0.2953125 0.4203125 0.2953125 0.4203125 0.2671875 0.384375 0.2671875 0.384375 0.2953125
0 0.3546875 0.36875 0.3765625 0.36875 0.3765625 0.3453125 0.3546875 0.3453125 0.3546875 0.36875
0 0.353125 0.4453125 0.3828125 0.4453125 0.3828125 0.415625 0.353125 0.415625 0.353125 0.4453125
0 0.4125 0.4671875 0.4359375 0.4671875 0.4359375 0.434375 0.4125 0.434375 0.4125 0.4671875
0 0.396875 0.5015625 0.415625 0.5015625 0.415625 0.4765625 0.396875 0.4765625 0.396875 0.5015625
0 0.4 0.6578125 0.421875 0.6578125 0.421875 0.621875 0.4 0.621875 0.4 0.6578125
0 0.340625 0.5578125 0.365625 0.5578125 0.365625 0.5328125 0.340625 0.5328125 0.340625 0.5578125
0 0.365625 0.5234375 0.3953125 0.5234375 0.3953125 0.5 0.365625 0.5 0.365625 0.5234375
0 0.3 0.465625 0.325 0.465625 0.325 0.4421875 0.3 0.4421875 0.3 0.465625
0 0.29375 0.3953125 0.3234375 0.3953125 0.3234375 0.3515625 0.29375 0.3515625 0.29375 0.3953125
0 0.3 0.6375 0.3265625 0.6375 0.3265625 0.596875 0.3 0.596875 0.3 0.6375
0 0.309375 0.68125 0.3390625 0.68125 0.3390625 0.65 0.309375 0.65 0.309375 0.68125