0 0.7328125 0.5953125 0.6984375 0.5953125 0.6984375 0.6125 0.7328125 0.6125 0.7328125 0.5953125
0 0.625 0.6109375 0.58125 0.6109375 0.58125 0.6234375 0.625 0.6234375 0.625 0.6109375
0 0.6734375 0.5671875 0.6375 0.5671875 0.6375 0.6046875 0.6734375 0.6046875 0.6734375 0.5671875
0 0.4421875 0.5515625 0.4015625 0.5515625 0.4015625 0.5703125 0.4421875 0.5703125 0.4421875 0.5515625
0 0.4765625 0.5140625 0.4453125 0.5140625 0.4453125 0.5359375 0.4765625 0.5359375 0.4765625 0.5140625
0 0.465625 0.4734375 0.434375 0.4734375 0.434375 0.5046875 0.465625 0.5046875 0.465625 0.4734375
0 0.396875 0.4171875 0.36875 0.4171875 0.36875 0.4578125 0.396875 0.4578125 0.396875 0.4171875
0 0.4984375 0.4296875 0.4546875 0.4296875 0.4546875 0.4453125 0.4984375 0.4453125 0.4984375 0.4296875
0 0.63125 0.446875 0.5734375 0.446875 0.5734375 0.471875 0.63125 0.471875 0.63125 0.446875
0 0.671875 0.384375 0.621875 0.384375 0.621875 0.4078125 0.671875 0.4078125 0.671875 0.384375
0 0.5921875 0.365625 0.5390625 0.365625 0.5390625 0.384375 0.5921875 0.384375 0.5921875 0.365625
0 0.51875 0.378125 0.49375 0.378125 0.49375 0.4125 0.51875 0.4125 0.51875 0.378125
0 0.4515625 0.3265625 0.4171875 0.3265625 0.4171875 0.3390625 0.4515625 0.3390625 0.4515625 0.3265625
0 0.4078125 0.328125 0.3828125 0.328125 0.3828125 0.35625 0.4078125 0.35625 0.4078125 0.328125
0 0.5765625 0.2671875 0.540625 0.2671875 0.540625 0.2921875 0.5765625 0.2921875 0.5765625 0.2671875
0 0.70625 0.2625 0.659375 0.2625 0.659375 0.278125 0.70625 0.278125 0.70625 0.2625
0 0.7171875 0.28125 0.6921875 0.28125 0.6921875 0.315625 0.7171875 0.315625 0.7171875 0.28125