0 0.415625 0.578125 0.390625 0.578125 0.390625 0.6203125 0.415625 0.6203125 0.415625 0.578125
0 0.3703125 0.584375 0.334375 0.584375 0.334375 0.6234375 0.3703125 0.6234375 0.3703125 0.584375
0 0.534375 0.5203125 0.5078125 0.5203125 0.5078125 0.5671875 0.534375 0.5671875 0.534375 0.5203125
0 0.5078125 0.5046875 0.471875 0.5046875 0.471875 0.5421875 0.5078125 0.5421875 0.5078125 0.5046875
0 0.596875 0.59375 0.575 0.59375 0.575 0.6453125 0.596875 0.6453125 0.596875 0.59375
0 0.65 0.5421875 0.61875 0.5421875 0.61875 0.59375 0.65 0.59375 0.65 0.5421875
0 0.6796875 0.5953125 0.65 0.5953125 0.65 0.65 0.6796875 0.65 0.6796875 0.5953125
0 0.7078125 0.4859375 0.675 0.4859375 0.675 0.515625 0.7078125 0.515625 0.7078125 0.4859375
0 0.74375 0.3515625 0.7140625 0.3515625 0.7140625 0.39375 0.74375 0.39375 0.74375 0.3515625
0 0.7671875 0.2640625 0.740625 0.2640625 0.740625 0.3109375 0.7671875 0.3109375 0.7671875 0.2640625
0 0.7421875 0.4125 0.721875 0.4125 0.721875 0.4421875 0.7421875 0.4421875 0.7421875 0.4125
0 0.7078125 0.3703125 0.68125 0.3703125 0.68125 0.409375 0.7078125 0.409375 0.7078125 0.3703125
0 0.71875 0.4140625 0.6921875 0.4140625 0.6921875 0.4609375 0.71875 0.4609375 0.71875 0.4140625
0 0.6765625 0.4046875 0.6484375 0.4046875 0.6484375 0.434375 0.6765625 0.434375 0.6765625 0.4046875
0 0.6140625 0.4421875 0.590625 0.4421875 0.590625 0.465625 0.6140625 0.465625 0.6140625 0.4421875
0 0.5953125 0.3984375 0.575 0.3984375 0.575 0.4328125 0.5953125 0.4328125 0.5953125 0.3984375
0 0.5671875 0.403125 0.546875 0.403125 0.546875 0.4390625 0.5671875 0.4390625 0.5671875 0.403125
0 0.54375 0.4265625 0.525 0.4265625 0.525 0.465625 0.54375 0.465625 0.54375 0.4265625
0 0.51875 0.4296875 0.496875 0.4296875 0.496875 0.4734375 0.51875 0.4734375 0.51875 0.4296875
0 0.46875 0.4234375 0.4484375 0.4234375 0.4484375 0.4671875 0.46875 0.4671875 0.46875 0.4234375
0 0.425 0.440625 0.4 0.440625 0.4 0.475 0.425 0.475 0.425 0.440625
0 0.3578125 0.428125 0.31875 0.428125 0.31875 0.4625 0.3578125 0.4625 0.3578125 0.428125
0 0.3109375 0.33125 0.284375 0.33125 0.284375 0.36875 0.3109375 0.36875 0.3109375 0.33125
0 0.396875 0.2609375 0.3734375 0.2609375 0.3734375 0.2953125 0.396875 0.2953125 0.396875 0.2609375
0 0.390625 0.303125 0.365625 0.303125 0.365625 0.346875 0.390625 0.346875 0.390625 0.303125
0 0.3953125 0.3484375 0.3703125 0.3484375 0.3703125 0.3765625 0.3953125 0.3765625 0.3953125 0.3484375
0 0.5328125 0.325 0.5171875 0.325 0.5171875 0.371875 0.5328125 0.371875 0.5328125 0.325
0 0.59375 0.2953125 0.5640625 0.2953125 0.5640625 0.328125 0.59375 0.328125 0.59375 0.2953125
0 0.5828125 0.225 0.540625 0.225 0.540625 0.2625 0.5828125 0.2625 0.5828125 0.225
0 0.6890625 0.21875 0.6671875 0.21875 0.6671875 0.2703125 0.6890625 0.2703125 0.6890625 0.21875
0 0.675 0.309375 0.6578125 0.309375 0.6578125 0.3484375 0.675 0.3484375 0.675 0.309375
0 0.6484375 0.3 0.6203125 0.3 0.6203125 0.3359375 0.6484375 0.3359375 0.6484375 0.3
0 0.6796875 0.26875 0.6359375 0.26875 0.6359375 0.303125 0.6796875 0.303125 0.6796875 0.26875
0 0.65625 0.34375 0.6390625 0.34375 0.6390625 0.36875 0.65625 0.36875 0.65625 0.34375