0 0.6234375 0.3015625 0.5890625 0.3015625 0.5890625 0.3203125 0.6234375 0.3203125 0.6234375 0.3015625
0 0.7609375 0.3171875 0.7140625 0.3171875 0.7140625 0.3390625 0.7609375 0.3390625 0.7609375 0.3171875
0 0.615625 0.3359375 0.565625 0.3359375 0.565625 0.353125 0.615625 0.353125 0.615625 0.3359375
0 0.603125 0.35625 0.5609375 0.35625 0.5609375 0.375 0.603125 0.375 0.603125 0.35625
0 0.4625 0.328125 0.428125 0.328125 0.428125 0.3625 0.4625 0.3625 0.4625 0.328125
0 0.43125 0.3125 0.4 0.3125 0.4 0.334375 0.43125 0.334375 0.43125 0.3125
0 0.35 0.45625 0.30625 0.45625 0.30625 0.475 0.35 0.475 0.35 0.45625
0 0.621875 0.4296875 0.5796875 0.4296875 0.5796875 0.4546875 0.621875 0.4546875 0.621875 0.4296875
0 0.5640625 0.4703125 0.5296875 0.4703125 0.5296875 0.5 0.5640625 0.5 0.5640625 0.4703125
0 0.5578125 0.5578125 0.5265625 0.5578125 0.5265625 0.5875 0.5578125 0.5875 0.5578125 0.5578125
0 0.6421875 0.534375 0.6015625 0.534375 0.6015625 0.553125 0.6421875 0.553125 0.6421875 0.534375
0 0.7578125 0.528125 0.7171875 0.528125 0.7171875 0.55 0.7578125 0.55 0.7578125 0.528125
0 0.4578125 0.5265625 0.4140625 0.5265625 0.4140625 0.5515625 0.4578125 0.5515625 0.4578125 0.5265625
0 0.4140625 0.503125 0.3859375 0.503125 0.3859375 0.525 0.4140625 0.525 0.4140625 0.503125
0 0.3828125 0.4875 0.3265625 0.4875 0.3265625 0.515625 0.3828125 0.515625 0.3828125 0.4875
0 0.3328125 0.3890625 0.2890625 0.3890625 0.2890625 0.4078125 0.3328125 0.4078125 0.3328125 0.3890625
0 0.31875 0.5640625 0.290625 0.5640625 0.290625 0.5921875 0.31875 0.5921875 0.31875 0.5640625
0 0.3421875 0.6125 0.3140625 0.6125 0.3140625 0.65 0.3421875 0.65 0.3421875 0.6125
0 0.36596029531249996 0.3834530140625 0.33389417187500003 0.351622478125 0.3185128828125 0.3671176109375 0.35057900625 0.3989481453125 0.36596029531249996 0.3834530140625