0 0.2984375 0.628125 0.2796875 0.628125 0.2796875 0.6625 0.2984375 0.6625 0.2984375 0.628125
0 0.284375 0.5921875 0.2640625 0.5921875 0.2640625 0.6203125 0.284375 0.6203125 0.284375 0.5921875
0 0.3203125 0.5734375 0.2984375 0.5734375 0.2984375 0.6046875 0.3203125 0.6046875 0.3203125 0.5734375
0 0.2921875 0.3875 0.2640625 0.3875 0.2640625 0.43125 0.2921875 0.43125 0.2921875 0.3875
0 0.3453125 0.3796875 0.3265625 0.3796875 0.3265625 0.440625 0.3453125 0.440625 0.3453125 0.3796875
0 0.4328125 0.3984375 0.396875 0.3984375 0.396875 0.4328125 0.4328125 0.4328125 0.4328125 0.3984375
0 0.43125 0.4953125 0.409375 0.4953125 0.409375 0.515625 0.43125 0.515625 0.43125 0.4953125
0 0.48125 0.453125 0.465625 0.453125 0.465625 0.4875 0.48125 0.4875 0.48125 0.453125
0 0.44375 0.315625 0.428125 0.315625 0.428125 0.340625 0.44375 0.340625 0.44375 0.315625
0 0.46875 0.3 0.446875 0.3 0.446875 0.325 0.46875 0.325 0.46875 0.3
0 0.4203125 0.6171875 0.4015625 0.6171875 0.4015625 0.6515625 0.4203125 0.6515625 0.4203125 0.6171875
0 0.3984375 0.6375 0.38125 0.6375 0.38125 0.678125 0.3984375 0.678125 0.3984375 0.6375
0 0.3125 0.7171875 0.290625 0.7171875 0.290625 0.7453125 0.3125 0.7453125 0.3125 0.7171875
0 0.2828125 0.73125 0.2515625 0.73125 0.2515625 0.765625 0.2828125 0.765625 0.2828125 0.73125
0 0.4015625 0.73125 0.3671875 0.73125 0.3671875 0.75625 0.4015625 0.75625 0.4015625 0.73125
0 0.3921875 0.6921875 0.3765625 0.6921875 0.3765625 0.7203125 0.3921875 0.7203125 0.3921875 0.6921875
0 0.3703125 0.703125 0.346875 0.703125 0.346875 0.734375 0.3703125 0.734375 0.3703125 0.703125
0 0.446875 0.7 0.428125 0.7 0.428125 0.7375 0.446875 0.7375 0.446875 0.7
0 0.509375 0.6984375 0.4921875 0.6984375 0.4921875 0.734375 0.509375 0.734375 0.509375 0.6984375
0 0.53125 0.6328125 0.509375 0.6328125 0.509375 0.6671875 0.53125 0.6671875 0.53125 0.6328125
0 0.5625 0.6890625 0.5421875 0.6890625 0.5421875 0.7140625 0.5625 0.7140625 0.5625 0.6890625
0 0.59375 0.684375 0.56875 0.684375 0.56875 0.709375 0.59375 0.709375 0.59375 0.684375
0 0.6328125 0.6265625 0.6140625 0.6265625 0.6140625 0.6546875 0.6328125 0.6546875 0.6328125 0.6265625
0 0.578125 0.609375 0.55 0.609375 0.55 0.6328125 0.578125 0.6328125 0.578125 0.609375
0 0.603125 0.6078125 0.5859375 0.6078125 0.5859375 0.63125 0.603125 0.63125 0.603125 0.6078125
0 0.5953125 0.5015625 0.5765625 0.5015625 0.5765625 0.54375 0.5953125 0.54375 0.5953125 0.5015625
0 0.640625 0.51875 0.6234375 0.51875 0.6234375 0.553125 0.640625 0.553125 0.640625 0.51875
0 0.6375 0.4515625 0.615625 0.4515625 0.615625 0.490625 0.6375 0.490625 0.6375 0.4515625
0 0.653125 0.353125 0.6328125 0.353125 0.6328125 0.38125 0.653125 0.38125 0.653125 0.353125
0 0.6328125 0.334375 0.6109375 0.334375 0.6109375 0.3703125 0.6328125 0.3703125 0.6328125 0.334375