0 0.25 0.440625 0.275 0.440625 0.275 0.409375 0.25 0.409375 0.25 0.440625
0 0.2796875 0.3734375 0.3125 0.3734375 0.3125 0.3296875 0.2796875 0.3296875 0.2796875 0.3734375
0 0.35 0.509375 0.378125 0.509375 0.378125 0.478125 0.35 0.478125 0.35 0.509375
0 0.3484375 0.54375 0.36875 0.54375 0.36875 0.509375 0.3484375 0.509375 0.3484375 0.54375
0 0.3265625 0.5796875 0.3609375 0.5796875 0.3609375 0.5515625 0.3265625 0.5515625 0.3265625 0.5796875
0 0.421875 0.4765625 0.45 0.4765625 0.45 0.4421875 0.421875 0.4421875 0.421875 0.4765625
0 0.4515625 0.4953125 0.4796875 0.4953125 0.4796875 0.4671875 0.4515625 0.4671875 0.4515625 0.4953125
0 0.528125 0.5109375 0.56875 0.5109375 0.56875 0.46875 0.528125 0.46875 0.528125 0.5109375
0 0.5703125 0.61875 0.5953125 0.61875 0.5953125 0.584375 0.5703125 0.584375 0.5703125 0.61875
0 0.5625 0.4015625 0.590625 0.4015625 0.590625 0.3703125 0.5625 0.3703125 0.5625 0.4015625
0 0.6046875 0.365625 0.6296875 0.365625 0.6296875 0.3234375 0.6046875 0.3234375 0.6046875 0.365625
0 0.615625 0.26875 0.6375 0.26875 0.6375 0.234375 0.615625 0.234375 0.615625 0.26875