0 0.525 0.709375 0.490625 0.709375 0.490625 0.73125 0.525 0.73125 0.525 0.709375
0 0.5703125 0.69375 0.5390625 0.69375 0.5390625 0.728125 0.5703125 0.728125 0.5703125 0.69375
0 0.6046875 0.66875 0.5765625 0.66875 0.5765625 0.7 0.6046875 0.7 0.6046875 0.66875
0 0.709375 0.371875 0.65625 0.371875 0.65625 0.4 0.709375 0.4 0.709375 0.371875
0 0.6828125 0.309375 0.64375 0.309375 0.64375 0.328125 0.6828125 0.328125 0.6828125 0.309375
0 0.5953125 0.3234375 0.5703125 0.3234375 0.5703125 0.34375 0.5953125 0.34375 0.5953125 0.3234375
0 0.5484375 0.36875 0.5265625 0.36875 0.5265625 0.396875 0.5484375 0.396875 0.5484375 0.36875
0 0.5921875 0.3921875 0.5578125 0.3921875 0.5578125 0.4171875 0.5921875 0.4171875 0.5921875 0.3921875
0 0.5609375 0.3296875 0.5265625 0.3296875 0.5265625 0.3578125 0.5609375 0.3578125 0.5609375 0.3296875
0 0.56875 0.5890625 0.515625 0.5890625 0.515625 0.6203125 0.56875 0.6203125 0.56875 0.5890625
0 0.5515625 0.540625 0.5046875 0.540625 0.5046875 0.56875 0.5515625 0.56875 0.5515625 0.540625
0 0.5515625 0.521875 0.5203125 0.521875 0.5203125 0.5375 0.5515625 0.5375 0.5515625 0.521875
0 0.571875 0.475 0.5359375 0.475 0.5359375 0.503125 0.571875 0.503125 0.571875 0.475
0 0.50625 0.359375 0.4671875 0.359375 0.4671875 0.384375 0.50625 0.384375 0.50625 0.359375
0 0.5 0.40625 0.4625 0.40625 0.4625 0.43125 0.5 0.43125 0.5 0.40625
0 0.4453125 0.35625 0.4171875 0.35625 0.4171875 0.390625 0.4453125 0.390625 0.4453125 0.35625
0 0.35 0.309375 0.315625 0.309375 0.315625 0.353125 0.35 0.353125 0.35 0.309375
0 0.3359375 0.359375 0.2921875 0.359375 0.2921875 0.390625 0.3359375 0.390625 0.3359375 0.359375
0 0.365625 0.440625 0.3375 0.440625 0.3375 0.4578125 0.365625 0.4578125 0.365625 0.440625
0 0.4 0.475 0.353125 0.475 0.353125 0.503125 0.4 0.503125 0.4 0.475
0 0.340625 0.4734375 0.309375 0.4734375 0.309375 0.4921875 0.340625 0.4921875 0.340625 0.4734375
0 0.3484375 0.5109375 0.3125 0.5109375 0.3125 0.53125 0.3484375 0.53125 0.3484375 0.5109375
0 0.2984375 0.525 0.2609375 0.525 0.2609375 0.54375 0.2984375 0.54375 0.2984375 0.525
0 0.3234375 0.6609375 0.2796875 0.6609375 0.2796875 0.690625 0.3234375 0.690625 0.3234375 0.6609375
0 0.2890625 0.6359375 0.253125 0.6359375 0.253125 0.6609375 0.2890625 0.6609375 0.2890625 0.6359375
0 0.3453125 0.6078125 0.3015625 0.6078125 0.3015625 0.6359375 0.3453125 0.6359375 0.3453125 0.6078125
0 0.3328125 0.546875 0.2921875 0.546875 0.2921875 0.578125 0.3328125 0.578125 0.3328125 0.546875