0 0.7421875 0.325 0.7171875 0.325 0.7171875 0.3734375 0.7421875 0.3734375 0.7421875 0.325
0 0.7140625 0.3109375 0.68125 0.3109375 0.68125 0.3453125 0.7140625 0.3453125 0.7140625 0.3109375
0 0.65625 0.3359375 0.6203125 0.3359375 0.6203125 0.365625 0.65625 0.365625 0.65625 0.3359375
0 0.6140625 0.275 0.5859375 0.275 0.5859375 0.3015625 0.6140625 0.3015625 0.6140625 0.275
0 0.7015625 0.45625 0.68125 0.45625 0.68125 0.490625 0.7015625 0.490625 0.7015625 0.45625
0 0.6546875 0.44375 0.6359375 0.44375 0.6359375 0.4796875 0.6546875 0.4796875 0.6546875 0.44375
0 0.709375 0.5390625 0.6734375 0.5390625 0.6734375 0.5625 0.709375 0.5625 0.709375 0.5390625
0 0.6421875 0.5203125 0.6203125 0.5203125 0.6203125 0.5578125 0.6421875 0.5578125 0.6421875 0.5203125
0 0.64375 0.56875 0.61875 0.56875 0.61875 0.6140625 0.64375 0.6140625 0.64375 0.56875
0 0.5765625 0.5890625 0.5484375 0.5890625 0.5484375 0.6125 0.5765625 0.6125 0.5765625 0.5890625
0 0.4484375 0.6140625 0.4125 0.6140625 0.4125 0.64375 0.4484375 0.64375 0.4484375 0.6140625
0 0.528125 0.5 0.4953125 0.5 0.4953125 0.5296875 0.528125 0.5296875 0.528125 0.5
0 0.6046875 0.40625 0.5828125 0.40625 0.5828125 0.4375 0.6046875 0.4375 0.6046875 0.40625
0 0.5765625 0.44375 0.5515625 0.44375 0.5515625 0.46875 0.5765625 0.46875 0.5765625 0.44375
0 0.5484375 0.4578125 0.5078125 0.4578125 0.5078125 0.4828125 0.5484375 0.4828125 0.5484375 0.4578125
0 0.4703125 0.3921875 0.434375 0.3921875 0.434375 0.41875 0.4703125 0.41875 0.4703125 0.3921875
0 0.4296875 0.4375 0.3953125 0.4375 0.3953125 0.46875 0.4296875 0.46875 0.4296875 0.4375
0 0.403125 0.28125 0.365625 0.28125 0.365625 0.30625 0.403125 0.30625 0.403125 0.28125