0 0.7046875 0.3640625 0.7375 0.3640625 0.7375 0.309375 0.7046875 0.309375 0.7046875 0.3640625
0 0.640625 0.353125 0.6828125 0.353125 0.6828125 0.31875 0.640625 0.31875 0.640625 0.353125
0 0.5671875 0.365625 0.6046875 0.365625 0.6046875 0.31875 0.5671875 0.31875 0.5671875 0.365625
0 0.5875 0.459375 0.61875 0.459375 0.61875 0.428125 0.5875 0.428125 0.5875 0.459375
0 0.5828125 0.503125 0.6109375 0.503125 0.6109375 0.471875 0.5828125 0.471875 0.5828125 0.503125
0 0.484375 0.4375 0.521875 0.4375 0.521875 0.40625 0.484375 0.40625 0.484375 0.4375
0 0.4484375 0.4453125 0.4796875 0.4453125 0.4796875 0.4109375 0.4484375 0.4109375 0.4484375 0.4453125
0 0.715625 0.540625 0.74375 0.540625 0.74375 0.490625 0.715625 0.490625 0.715625 0.540625
0 0.7265625 0.634375 0.74375 0.634375 0.74375 0.609375 0.7265625 0.609375 0.7265625 0.634375
0 0.709375 0.65625 0.7265625 0.65625 0.7265625 0.6203125 0.709375 0.6203125 0.709375 0.65625
0 0.6859375 0.6125 0.7046875 0.6125 0.7046875 0.565625 0.6859375 0.565625 0.6859375 0.6125
0 0.6671875 0.6390625 0.6828125 0.6390625 0.6828125 0.6140625 0.6671875 0.6140625 0.6671875 0.6390625
0 0.621875 0.6359375 0.653125 0.6359375 0.653125 0.6046875 0.621875 0.6046875 0.621875 0.6359375
0 0.5140625 0.6 0.5578125 0.6 0.5578125 0.5640625 0.5140625 0.5640625 0.5140625 0.6
0 0.45625 0.65625 0.4890625 0.65625 0.4890625 0.625 0.45625 0.625 0.45625 0.65625
0 0.503125 0.725 0.5453125 0.725 0.5453125 0.69375 0.503125 0.69375 0.503125 0.725
0 0.4328125 0.603125 0.4578125 0.603125 0.4578125 0.56875 0.4328125 0.56875 0.4328125 0.603125
0 0.384375 0.5484375 0.4125 0.5484375 0.4125 0.5203125 0.384375 0.5203125 0.384375 0.5484375
0 0.3296875 0.4890625 0.3609375 0.4890625 0.3609375 0.4578125 0.3296875 0.4578125 0.3296875 0.4890625
0 0.3109375 0.4578125 0.3296875 0.4578125 0.3296875 0.4265625 0.3109375 0.4265625 0.3109375 0.4578125
0 0.2890625 0.4 0.321875 0.4 0.321875 0.3625 0.2890625 0.3625 0.2890625 0.4
0 0.2671875 0.4375 0.2859375 0.4375 0.2859375 0.39375 0.2671875 0.39375 0.2671875 0.4375
0 0.2828125 0.4828125 0.30625 0.4828125 0.30625 0.4484375 0.2828125 0.4484375 0.2828125 0.4828125
0 0.6171875 0.7234375 0.6390625 0.7234375 0.6390625 0.6890625 0.6171875 0.6890625 0.6171875 0.7234375