0 0.7109375 0.375 0.7328125 0.375 0.7328125 0.3328125 0.7109375 0.3328125 0.7109375 0.375
0 0.6984375 0.43125 0.7265625 0.43125 0.7265625 0.390625 0.6984375 0.390625 0.6984375 0.43125
0 0.6921875 0.4890625 0.7140625 0.4890625 0.7140625 0.4484375 0.6921875 0.4484375 0.6921875 0.4890625
0 0.6171875 0.4203125 0.6421875 0.4203125 0.6421875 0.3609375 0.6171875 0.3609375 0.6171875 0.4203125
0 0.571875 0.471875 0.6078125 0.471875 0.6078125 0.44375 0.571875 0.44375 0.571875 0.471875
0 0.528125 0.496875 0.5625 0.496875 0.5625 0.46875 0.528125 0.46875 0.528125 0.496875
0 0.528125 0.4203125 0.55625 0.4203125 0.55625 0.3703125 0.528125 0.3703125 0.528125 0.4203125
0 0.49375 0.53125 0.521875 0.53125 0.521875 0.4875 0.49375 0.4875 0.49375 0.53125
0 0.6015625 0.575 0.6265625 0.575 0.6265625 0.55 0.6015625 0.55 0.6015625 0.575
0 0.659375 0.63125 0.68125 0.63125 0.68125 0.575 0.659375 0.575 0.659375 0.63125
0 0.6078125 0.68125 0.6359375 0.68125 0.6359375 0.6578125 0.6078125 0.6578125 0.6078125 0.68125
0 0.5734375 0.7046875 0.6140625 0.7046875 0.6140625 0.68125 0.5734375 0.68125 0.5734375 0.7046875
0 0.384375 0.7328125 0.4203125 0.7328125 0.4203125 0.7046875 0.384375 0.7046875 0.384375 0.7328125
0 0.3546875 0.6546875 0.3765625 0.6546875 0.3765625 0.63125 0.3546875 0.63125 0.3546875 0.6546875
0 0.353125 0.5859375 0.3828125 0.5859375 0.3828125 0.5546875 0.353125 0.5546875 0.353125 0.5859375
0 0.4140625 0.5671875 0.4359375 0.5671875 0.4359375 0.5328125 0.4140625 0.5328125 0.4140625 0.5671875
0 0.396875 0.5234375 0.415625 0.5234375 0.415625 0.4984375 0.396875 0.4984375 0.396875 0.5234375
0 0.4 0.3796875 0.421875 0.3796875 0.421875 0.34375 0.4 0.34375 0.4 0.3796875
0 0.340625 0.4671875 0.365625 0.4671875 0.365625 0.4421875 0.340625 0.4421875 0.340625 0.4671875
0 0.365625 0.5015625 0.3953125 0.5015625 0.3953125 0.4765625 0.365625 0.4765625 0.365625 0.5015625
0 0.3 0.559375 0.325 0.559375 0.325 0.5359375 0.3 0.5359375 0.3 0.559375
0 0.29375 0.6484375 0.325 0.6484375 0.325 0.6046875 0.29375 0.6046875 0.29375 0.6484375
0 0.3 0.4046875 0.328125 0.4046875 0.328125 0.3640625 0.3 0.3640625 0.3 0.4046875
0 0.309375 0.35 0.3390625 0.35 0.3390625 0.31875 0.309375 0.31875 0.309375 0.35