0 0.253125 0.3609375 0.225 0.3609375 0.225 0.4328125 0.253125 0.4328125 0.253125 0.3609375
0 0.3 0.275 0.26875 0.275 0.26875 0.309375 0.3 0.309375 0.3 0.275
0 0.3859375 0.3765625 0.3640625 0.3765625 0.3640625 0.4265625 0.3859375 0.4265625 0.3859375 0.3765625
0 0.3703125 0.4765625 0.353125 0.4765625 0.353125 0.5203125 0.3703125 0.5203125 0.3703125 0.4765625
0 0.4453125 0.4953125 0.4171875 0.4953125 0.4171875 0.5203125 0.4453125 0.5203125 0.4453125 0.4953125
0 0.4296875 0.59375 0.4015625 0.59375 0.4015625 0.621875 0.4296875 0.621875 0.4296875 0.59375
0 0.4046875 0.6734375 0.3671875 0.6734375 0.3671875 0.7078125 0.4046875 0.7078125 0.4046875 0.6734375
0 0.4828125 0.646875 0.4578125 0.646875 0.4578125 0.6875 0.4828125 0.6875 0.4828125 0.646875
0 0.4828125 0.5671875 0.45 0.5671875 0.45 0.60625 0.4828125 0.60625 0.4828125 0.5671875
0 0.484375 0.484375 0.45 0.484375 0.45 0.51875 0.484375 0.51875 0.484375 0.484375
0 0.528125 0.4234375 0.5 0.4234375 0.5 0.4515625 0.528125 0.4515625 0.528125 0.4234375
0 0.528125 0.3234375 0.49375 0.3234375 0.49375 0.365625 0.528125 0.365625 0.528125 0.3234375
0 0.5640625 0.3421875 0.5453125 0.3421875 0.5453125 0.3765625 0.5640625 0.3765625 0.5640625 0.3421875
0 0.5890625 0.3328125 0.5671875 0.3328125 0.5671875 0.3765625 0.5890625 0.3765625 0.5890625 0.3328125
0 0.4703125 0.275 0.4359375 0.275 0.4359375 0.3109375 0.4703125 0.3109375 0.4703125 0.275
0 0.434375 0.2609375 0.4046875 0.2609375 0.4046875 0.3046875 0.434375 0.3046875 0.434375 0.2609375
0 0.6484375 0.478125 0.6265625 0.478125 0.6265625 0.540625 0.6484375 0.540625 0.6484375 0.478125
0 0.5984375 0.525 0.578125 0.525 0.578125 0.56875 0.5984375 0.56875 0.5984375 0.525
0 0.5765625 0.5734375 0.55625 0.5734375 0.55625 0.6359375 0.5765625 0.6359375 0.5765625 0.5734375
0 0.625 0.6625 0.58125 0.6625 0.58125 0.69375 0.625 0.69375 0.625 0.6625