0 0.759375 0.3109375 0.734375 0.3109375 0.734375 0.346875 0.759375 0.346875 0.759375 0.3109375
0 0.75 0.440625 0.725 0.440625 0.725 0.46875 0.75 0.46875 0.75 0.440625
0 0.75625 0.5296875 0.7234375 0.5296875 0.7234375 0.5703125 0.75625 0.5703125 0.75625 0.5296875
0 0.715625 0.628125 0.6859375 0.628125 0.6859375 0.6625 0.715625 0.6625 0.715625 0.628125
0 0.696875 0.46875 0.675 0.46875 0.675 0.5125 0.696875 0.5125 0.696875 0.46875
0 0.6765625 0.4125 0.6484375 0.4125 0.6484375 0.4421875 0.6765625 0.4421875 0.6765625 0.4125
0 0.640625 0.446875 0.621875 0.446875 0.621875 0.4765625 0.640625 0.4765625 0.640625 0.446875
0 0.5765625 0.4109375 0.559375 0.4109375 0.559375 0.4515625 0.5765625 0.4515625 0.5765625 0.4109375
0 0.6046875 0.3234375 0.5765625 0.3234375 0.5765625 0.3515625 0.6046875 0.3515625 0.6046875 0.3234375
0 0.646875 0.29375 0.625 0.29375 0.625 0.33125 0.646875 0.33125 0.646875 0.29375
0 0.546875 0.30625 0.5265625 0.30625 0.5265625 0.3328125 0.546875 0.3328125 0.546875 0.30625
0 0.5328125 0.409375 0.5171875 0.409375 0.5171875 0.4421875 0.5328125 0.4421875 0.5328125 0.409375
0 0.5390625 0.4671875 0.5203125 0.4671875 0.5203125 0.509375 0.5390625 0.509375 0.5390625 0.4671875
0 0.540625 0.59375 0.51875 0.59375 0.51875 0.6265625 0.540625 0.6265625 0.540625 0.59375
0 0.4765625 0.4890625 0.4421875 0.4890625 0.4421875 0.5265625 0.4765625 0.5265625 0.4765625 0.4890625
0 0.465625 0.5859375 0.440625 0.5859375 0.440625 0.61875 0.465625 0.61875 0.465625 0.5859375
0 0.3546875 0.5 0.3296875 0.5 0.3296875 0.5234375 0.3546875 0.5234375 0.3546875 0.5
0 0.3984375 0.3375 0.3734375 0.3375 0.3734375 0.3828125 0.3984375 0.3828125 0.3984375 0.3375
0 0.4609375 0.2984375 0.4265625 0.2984375 0.4265625 0.3421875 0.4609375 0.3421875 0.4609375 0.2984375