0 0.7109375 0.5578125 0.6875 0.5578125 0.6875 0.590625 0.7109375 0.590625 0.7109375 0.5578125
0 0.725 0.38125 0.6875 0.38125 0.6875 0.4109375 0.725 0.4109375 0.725 0.38125
0 0.65 0.39375 0.6296875 0.39375 0.6296875 0.440625 0.65 0.440625 0.65 0.39375
0 0.6609375 0.290625 0.64375 0.290625 0.64375 0.325 0.6609375 0.325 0.6609375 0.290625
0 0.61875 0.28125 0.6 0.28125 0.6 0.3265625 0.61875 0.3265625 0.61875 0.28125
0 0.4890625 0.4546875 0.4546875 0.4546875 0.4546875 0.4796875 0.4890625 0.4796875 0.4890625 0.4546875
0 0.434375 0.51875 0.4125 0.51875 0.4125 0.5625 0.434375 0.5625 0.434375 0.51875
0 0.4328125 0.3453125 0.4140625 0.3453125 0.4140625 0.38125 0.4328125 0.38125 0.4328125 0.3453125
0 0.390625 0.290625 0.359375 0.290625 0.359375 0.325 0.390625 0.325 0.390625 0.290625
0 0.33125 0.23125 0.309375 0.23125 0.309375 0.284375 0.33125 0.284375 0.33125 0.23125
0 0.540625 0.721875 0.515625 0.721875 0.515625 0.765625 0.540625 0.765625 0.540625 0.721875
0 0.5 0.6921875 0.4703125 0.6921875 0.4703125 0.7234375 0.5 0.7234375 0.5 0.6921875
0 0.384375 0.6671875 0.35625 0.6671875 0.35625 0.69375 0.384375 0.69375 0.384375 0.6671875
0 0.334375 0.7296875 0.3109375 0.7296875 0.3109375 0.775 0.334375 0.775 0.334375 0.7296875
0 0.378125 0.75625 0.35625 0.75625 0.35625 0.790625 0.378125 0.790625 0.378125 0.75625
0 0.4390625 0.7375 0.4171875 0.7375 0.4171875 0.7671875 0.4390625 0.7671875 0.4390625 0.7375
0 0.6609375 0.50625 0.6390625 0.50625 0.6390625 0.55 0.6609375 0.55 0.6609375 0.50625
0 0.6125 0.503125 0.5921875 0.503125 0.5921875 0.5453125 0.6125 0.5453125 0.6125 0.503125