0 0.6390625 0.3328125 0.675 0.3328125 0.675 0.3015625 0.6390625 0.3015625 0.6390625 0.3328125
0 0.671875 0.4109375 0.696875 0.4109375 0.696875 0.38125 0.671875 0.38125 0.671875 0.4109375
0 0.534375 0.3203125 0.5578125 0.3203125 0.5578125 0.296875 0.534375 0.296875 0.534375 0.3203125
0 0.4203125 0.3078125 0.4421875 0.3078125 0.4421875 0.278125 0.4203125 0.278125 0.4203125 0.3078125
0 0.5359375 0.446875 0.571875 0.446875 0.571875 0.4078125 0.5359375 0.4078125 0.5359375 0.446875
0 0.3671875 0.4703125 0.403125 0.4703125 0.403125 0.434375 0.3671875 0.434375 0.3671875 0.4703125
0 0.3890625 0.5796875 0.434375 0.5796875 0.434375 0.55 0.3890625 0.55 0.3890625 0.5796875
0 0.34375 0.58125 0.3609375 0.58125 0.3609375 0.534375 0.34375 0.534375 0.34375 0.58125
0 0.4125 0.7109375 0.4421875 0.7109375 0.4421875 0.6640625 0.4125 0.6640625 0.4125 0.7109375
0 0.5421875 0.5953125 0.5734375 0.5953125 0.5734375 0.5546875 0.5421875 0.5546875 0.5421875 0.5953125
0 0.4625 0.5484375 0.4859375 0.5484375 0.4859375 0.5078125 0.4625 0.5078125 0.4625 0.5484375
0 0.465625 0.5 0.503125 0.5 0.503125 0.4671875 0.465625 0.4671875 0.465625 0.5
0 0.6453125 0.6625 0.6703125 0.6625 0.6703125 0.6375 0.6453125 0.6375 0.6453125 0.6625
0 0.65 0.7046875 0.6828125 0.7046875 0.6828125 0.6609375 0.65 0.6609375 0.65 0.7046875