0 0.6515625 0.71875 0.6078125 0.71875 0.6078125 0.7375 0.6515625 0.7375 0.6515625 0.71875
0 0.609375 0.69375 0.575 0.69375 0.575 0.7125 0.609375 0.7125 0.609375 0.69375
0 0.49375 0.68125 0.4578125 0.68125 0.4578125 0.7015625 0.49375 0.7015625 0.49375 0.68125
0 0.53125 0.65 0.4890625 0.65 0.4890625 0.675 0.53125 0.675 0.53125 0.65
0 0.4859375 0.621875 0.4421875 0.621875 0.4421875 0.653125 0.4859375 0.653125 0.4859375 0.621875
0 0.784375 0.6203125 0.7375 0.6203125 0.7375 0.6421875 0.784375 0.6421875 0.784375 0.6203125
0 0.7953125 0.58125 0.7515625 0.58125 0.7515625 0.6 0.7953125 0.6 0.7953125 0.58125
0 0.75625 0.5265625 0.73125 0.5265625 0.73125 0.5515625 0.75625 0.5515625 0.75625 0.5265625
0 0.7671875 0.4953125 0.7234375 0.4953125 0.7234375 0.5171875 0.7671875 0.5171875 0.7671875 0.4953125
0 0.6609375 0.553125 0.6390625 0.553125 0.6390625 0.578125 0.6609375 0.578125 0.6609375 0.553125
0 0.628125 0.540625 0.6 0.540625 0.6 0.56875 0.628125 0.56875 0.628125 0.540625
0 0.6625 0.4328125 0.61875 0.4328125 0.61875 0.4578125 0.6625 0.4578125 0.6625 0.4328125
0 0.6046875 0.4515625 0.5734375 0.4515625 0.5734375 0.471875 0.6046875 0.471875 0.6046875 0.4515625
0 0.5671875 0.396875 0.5359375 0.396875 0.5359375 0.446875 0.5671875 0.446875 0.5671875 0.396875
0 0.5296875 0.478125 0.4984375 0.478125 0.4984375 0.4953125 0.5296875 0.4953125 0.5296875 0.478125
0 0.5640625 0.5125 0.5234375 0.5125 0.5234375 0.5359375 0.5640625 0.5359375 0.5640625 0.5125
0 0.5109375 0.5578125 0.471875 0.5578125 0.471875 0.5953125 0.5109375 0.5953125 0.5109375 0.5578125
0 0.5734375 0.596875 0.5328125 0.596875 0.5328125 0.61875 0.5734375 0.61875 0.5734375 0.596875
0 0.590625 0.646875 0.55 0.646875 0.55 0.678125 0.590625 0.678125 0.590625 0.646875
0 0.6 0.625 0.571875 0.625 0.571875 0.646875 0.6 0.646875 0.6 0.625
0 0.4796875 0.5140625 0.44375 0.5140625 0.44375 0.5421875 0.4796875 0.5421875 0.4796875 0.5140625
0 0.471875 0.4703125 0.4375 0.4703125 0.4375 0.5 0.471875 0.5 0.471875 0.4703125
0 0.403125 0.4578125 0.375 0.4578125 0.375 0.4859375 0.403125 0.4859375 0.403125 0.4578125
0 0.38125 0.428125 0.328125 0.428125 0.328125 0.446875 0.38125 0.446875 0.38125 0.428125
0 0.4578125 0.403125 0.4171875 0.403125 0.4171875 0.4265625 0.4578125 0.4265625 0.4578125 0.403125
0 0.4203125 0.378125 0.3734375 0.378125 0.3734375 0.4 0.4203125 0.4 0.4203125 0.378125
0 0.409375 0.3421875 0.3671875 0.3421875 0.3671875 0.3703125 0.409375 0.3703125 0.409375 0.3421875
0 0.4 0.3140625 0.3640625 0.3140625 0.3640625 0.3296875 0.4 0.3296875 0.4 0.3140625
0 0.65 0.3640625 0.61875 0.3640625 0.61875 0.4 0.65 0.4 0.65 0.3640625
0 0.675 0.3265625 0.6359375 0.3265625 0.6359375 0.35 0.675 0.35 0.675 0.3265625
0 0.7546875 0.3421875 0.7109375 0.3421875 0.7109375 0.3671875 0.7546875 0.3671875 0.7546875 0.3421875
0 0.7046875 0.3265625 0.6796875 0.3265625 0.6796875 0.3609375 0.7046875 0.3609375 0.7046875 0.3265625
0 0.615625 0.3109375 0.58125 0.3109375 0.58125 0.3328125 0.615625 0.3328125 0.615625 0.3109375
0 0.5828125 0.3296875 0.5546875 0.3296875 0.5546875 0.3546875 0.5828125 0.3546875 0.5828125 0.3296875
0 0.55625 0.3375 0.521875 0.3375 0.521875 0.36875 0.55625 0.36875 0.55625 0.3375