0 0.7765625 0.56875 0.7484375 0.56875 0.7484375 0.6390625 0.7765625 0.6390625 0.7765625 0.56875
0 0.73125 0.690625 0.7 0.690625 0.7 0.725 0.73125 0.725 0.73125 0.690625
0 0.6359375 0.575 0.6140625 0.575 0.6140625 0.6234375 0.6359375 0.6234375 0.6359375 0.575
0 0.6484375 0.48125 0.63125 0.48125 0.63125 0.525 0.6484375 0.525 0.6484375 0.48125
0 0.5828125 0.4796875 0.55625 0.4796875 0.55625 0.5046875 0.5828125 0.5046875 0.5828125 0.4796875
0 0.5984375 0.3796875 0.571875 0.3796875 0.571875 0.40625 0.5984375 0.40625 0.5984375 0.3796875
0 0.6328125 0.2921875 0.5953125 0.2921875 0.5953125 0.3265625 0.6328125 0.3265625 0.6328125 0.2921875
0 0.54375 0.3125 0.51875 0.3125 0.51875 0.353125 0.54375 0.353125 0.54375 0.3125
0 0.5515625 0.39375 0.51875 0.39375 0.51875 0.4328125 0.5515625 0.4328125 0.5515625 0.39375
0 0.5515625 0.48125 0.515625 0.48125 0.515625 0.515625 0.5515625 0.515625 0.5515625 0.48125
0 0.5 0.5484375 0.471875 0.5484375 0.471875 0.5765625 0.5 0.5765625 0.5 0.5484375
0 0.5078125 0.6359375 0.4734375 0.6359375 0.4734375 0.678125 0.5078125 0.678125 0.5078125 0.6359375
0 0.45625 0.625 0.4359375 0.625 0.4359375 0.6578125 0.45625 0.6578125 0.45625 0.625
0 0.434375 0.6234375 0.4109375 0.6234375 0.4109375 0.66875 0.434375 0.66875 0.434375 0.6234375
0 0.5640625 0.690625 0.5296875 0.690625 0.5296875 0.7265625 0.5640625 0.7265625 0.5640625 0.690625
0 0.596875 0.696875 0.5671875 0.696875 0.5671875 0.740625 0.596875 0.740625 0.596875 0.696875
0 0.3734375 0.459375 0.3515625 0.459375 0.3515625 0.521875 0.3734375 0.521875 0.3734375 0.459375
0 0.4234375 0.43125 0.403125 0.43125 0.403125 0.4765625 0.4234375 0.4765625 0.4234375 0.43125
0 0.4453125 0.3640625 0.425 0.3640625 0.425 0.4265625 0.4453125 0.4265625 0.4453125 0.3640625
0 0.4203125 0.30625 0.375 0.30625 0.375 0.3390625 0.4203125 0.3390625 0.4203125 0.30625