0 0.3734375 0.259375 0.3265625 0.259375 0.3265625 0.284375 0.3734375 0.284375 0.3734375 0.259375
0 0.3453125 0.2875 0.3109375 0.2875 0.3109375 0.3203125 0.3453125 0.3203125 0.3453125 0.2875
0 0.3671875 0.3453125 0.3359375 0.3453125 0.3359375 0.38125 0.3671875 0.38125 0.3671875 0.3453125
0 0.3015625 0.3859375 0.2765625 0.3859375 0.2765625 0.4140625 0.3015625 0.4140625 0.3015625 0.3859375
0 0.490625 0.3 0.45625 0.3 0.45625 0.31875 0.490625 0.31875 0.490625 0.3
0 0.4796875 0.3453125 0.44375 0.3453125 0.44375 0.3640625 0.4796875 0.3640625 0.4796875 0.3453125
0 0.5640625 0.290625 0.5390625 0.290625 0.5390625 0.3265625 0.5640625 0.3265625 0.5640625 0.290625
0 0.5578125 0.3578125 0.5203125 0.3578125 0.5203125 0.3796875 0.5578125 0.3796875 0.5578125 0.3578125
0 0.615625 0.3578125 0.56875 0.3578125 0.56875 0.3828125 0.615625 0.3828125 0.615625 0.3578125
0 0.6140625 0.425 0.5890625 0.425 0.5890625 0.453125 0.6140625 0.453125 0.6140625 0.425
0 0.6453125 0.5515625 0.6140625 0.5515625 0.6140625 0.5875 0.6453125 0.5875 0.6453125 0.5515625
0 0.5296875 0.471875 0.5015625 0.471875 0.5015625 0.5046875 0.5296875 0.5046875 0.5296875 0.471875
0 0.4375 0.3953125 0.40625 0.3953125 0.40625 0.4171875 0.4375 0.4171875 0.4375 0.3953125
0 0.46875 0.4234375 0.44375 0.4234375 0.44375 0.4484375 0.46875 0.4484375 0.46875 0.4234375
0 0.4828125 0.4515625 0.4578125 0.4515625 0.4578125 0.4921875 0.4828125 0.4921875 0.4828125 0.4515625
0 0.4203125 0.5296875 0.3921875 0.5296875 0.3921875 0.565625 0.4203125 0.565625 0.4203125 0.5296875
0 0.46875 0.5703125 0.4375 0.5703125 0.4375 0.6046875 0.46875 0.6046875 0.46875 0.5703125
0 0.30625 0.596875 0.28125 0.596875 0.28125 0.634375 0.30625 0.634375 0.30625 0.596875