0 0.6328125 0.3265625 0.6765625 0.3265625 0.6765625 0.3046875 0.6328125 0.3046875 0.6328125 0.3265625
0 0.5484375 0.35 0.5984375 0.35 0.5984375 0.33125 0.5484375 0.33125 0.5484375 0.35
0 0.45625 0.328125 0.5125 0.328125 0.5125 0.303125 0.45625 0.303125 0.45625 0.328125
0 0.4828125 0.4109375 0.5140625 0.4109375 0.5140625 0.3765625 0.4828125 0.3765625 0.4828125 0.4109375
0 0.546875 0.3859375 0.584375 0.3859375 0.584375 0.3609375 0.546875 0.3609375 0.546875 0.3859375
0 0.6125 0.35625 0.6375 0.35625 0.6375 0.33125 0.6125 0.33125 0.6125 0.35625
0 0.640625 0.4015625 0.678125 0.4015625 0.678125 0.38125 0.640625 0.38125 0.640625 0.4015625
0 0.6484375 0.4640625 0.6765625 0.4640625 0.6765625 0.4328125 0.6484375 0.4328125 0.6484375 0.4640625
0 0.634375 0.528125 0.665625 0.528125 0.665625 0.50625 0.634375 0.50625 0.634375 0.528125
0 0.575 0.5578125 0.60625 0.5578125 0.60625 0.5265625 0.575 0.5265625 0.575 0.5578125
0 0.6296875 0.575 0.6578125 0.575 0.6578125 0.540625 0.6296875 0.540625 0.6296875 0.575
0 0.6421875 0.6578125 0.6828125 0.6578125 0.6828125 0.6328125 0.6421875 0.6328125 0.6421875 0.6578125
0 0.3796875 0.365625 0.4328125 0.365625 0.4328125 0.346875 0.3796875 0.346875 0.3796875 0.365625
0 0.4234375 0.43125 0.459375 0.43125 0.459375 0.409375 0.4234375 0.409375 0.4234375 0.43125
0 0.415625 0.48125 0.4515625 0.48125 0.4515625 0.4625 0.415625 0.4625 0.415625 0.48125
0 0.3921875 0.453125 0.4296875 0.453125 0.4296875 0.4359375 0.3921875 0.4359375 0.3921875 0.453125
0 0.3484375 0.4671875 0.3828125 0.4671875 0.3828125 0.4375 0.3484375 0.4375 0.3484375 0.4671875
0 0.453125 0.590625 0.4875 0.590625 0.4875 0.56875 0.453125 0.56875 0.453125 0.590625
0 0.46875 0.6203125 0.503125 0.6203125 0.503125 0.5953125 0.46875 0.5953125 0.46875 0.6203125
0 0.521875 0.6421875 0.546875 0.6421875 0.546875 0.6078125 0.521875 0.6078125 0.521875 0.6421875
0 0.4140625 0.6484375 0.4421875 0.6484375 0.4421875 0.61875 0.4140625 0.61875 0.4140625 0.6484375