0 0.3828125 0.325 0.4171875 0.325 0.4171875 0.296875 0.3828125 0.296875 0.3828125 0.325
0 0.3921875 0.3765625 0.4203125 0.3765625 0.4203125 0.3421875 0.3921875 0.3421875 0.3921875 0.3765625
0 0.403125 0.465625 0.425 0.465625 0.425 0.425 0.403125 0.425 0.403125 0.465625
0 0.3953125 0.5453125 0.4296875 0.5453125 0.4296875 0.5140625 0.3953125 0.5140625 0.3953125 0.5453125
0 0.4203125 0.590625 0.45 0.590625 0.45 0.54375 0.4203125 0.54375 0.4203125 0.590625
0 0.490625 0.4921875 0.515625 0.4921875 0.515625 0.45625 0.490625 0.45625 0.490625 0.4921875
0 0.5 0.396875 0.5234375 0.396875 0.5234375 0.35625 0.5 0.35625 0.5 0.396875
0 0.55 0.4359375 0.5671875 0.4359375 0.5671875 0.39375 0.55 0.39375 0.55 0.4359375
0 0.58125 0.3890625 0.6109375 0.3890625 0.6109375 0.3515625 0.58125 0.3515625 0.58125 0.3890625
0 0.628125 0.453125 0.6546875 0.453125 0.6546875 0.4140625 0.628125 0.4140625 0.628125 0.453125
0 0.6484375 0.5015625 0.6703125 0.5015625 0.6703125 0.465625 0.6484375 0.465625 0.6484375 0.5015625
0 0.61875 0.5 0.6453125 0.5 0.6453125 0.4671875 0.61875 0.4671875 0.61875 0.5
0 0.59375 0.5125 0.6171875 0.5125 0.6171875 0.475 0.59375 0.475 0.59375 0.5125
0 0.6625 0.7109375 0.690625 0.7109375 0.690625 0.684375 0.6625 0.684375 0.6625 0.7109375
0 0.63125 0.76875 0.65625 0.76875 0.65625 0.7328125 0.63125 0.7328125 0.63125 0.76875
0 0.6 0.628125 0.6359375 0.628125 0.6359375 0.6 0.6 0.6 0.6 0.628125
0 0.5109375 0.60625 0.534375 0.60625 0.534375 0.5828125 0.5109375 0.5828125 0.5109375 0.60625
0 0.5296875 0.64375 0.553125 0.64375 0.553125 0.615625 0.5296875 0.615625 0.5296875 0.64375
0 0.496875 0.7296875 0.5296875 0.7296875 0.5296875 0.6734375 0.496875 0.6734375 0.496875 0.7296875
0 0.548493328125 0.63847593125 0.56284686875 0.65113048125 0.5854080625 0.6255402390625 0.571054521875 0.6128856890625001 0.548493328125 0.63847593125
0 0.5711925718749999 0.635345803125 0.5741462265624999 0.6538633953125 0.6027268953125 0.6493046296875 0.5997732421874999 0.6307870359375001 0.5711925718749999 0.635345803125