0 0.490625 0.290625 0.525 0.290625 0.525 0.26875 0.490625 0.26875 0.490625 0.290625
0 0.5390625 0.3078125 0.5703125 0.3078125 0.5703125 0.2734375 0.5390625 0.2734375 0.5390625 0.3078125
0 0.5765625 0.33125 0.6046875 0.33125 0.6046875 0.3 0.5765625 0.3 0.5765625 0.33125
0 0.65625 0.6296875 0.709375 0.6296875 0.709375 0.6015625 0.65625 0.6015625 0.65625 0.6296875
0 0.64375 0.6921875 0.6828125 0.6921875 0.6828125 0.6734375 0.64375 0.6734375 0.64375 0.6921875
0 0.5703125 0.6765625 0.5953125 0.6765625 0.5953125 0.65625 0.5703125 0.65625 0.5703125 0.6765625
0 0.5265625 0.6328125 0.5484375 0.6328125 0.5484375 0.6046875 0.5265625 0.6046875 0.5265625 0.6328125
0 0.5578125 0.609375 0.5921875 0.609375 0.5921875 0.584375 0.5578125 0.584375 0.5578125 0.609375
0 0.5265625 0.6703125 0.5609375 0.6703125 0.5609375 0.6421875 0.5265625 0.6421875 0.5265625 0.6703125
0 0.515625 0.4125 0.56875 0.4125 0.56875 0.38125 0.515625 0.38125 0.515625 0.4125
0 0.5046875 0.4609375 0.5515625 0.4609375 0.5515625 0.4328125 0.5046875 0.4328125 0.5046875 0.4609375
0 0.5203125 0.478125 0.5515625 0.478125 0.5515625 0.4625 0.5203125 0.4625 0.5203125 0.478125
0 0.5359375 0.525 0.571875 0.525 0.571875 0.496875 0.5359375 0.496875 0.5359375 0.525
0 0.4671875 0.6421875 0.50625 0.6421875 0.50625 0.6171875 0.4671875 0.6171875 0.4671875 0.6421875
0 0.4625 0.5953125 0.5 0.5953125 0.5 0.5703125 0.4625 0.5703125 0.4625 0.5953125
0 0.4171875 0.6453125 0.4453125 0.6453125 0.4453125 0.6109375 0.4171875 0.6109375 0.4171875 0.6453125
0 0.315625 0.6921875 0.35 0.6921875 0.35 0.6484375 0.315625 0.6484375 0.315625 0.6921875
0 0.2921875 0.6421875 0.3359375 0.6421875 0.3359375 0.6109375 0.2921875 0.6109375 0.2921875 0.6421875
0 0.3375 0.5609375 0.365625 0.5609375 0.365625 0.54375 0.3375 0.54375 0.3375 0.5609375
0 0.353125 0.5265625 0.4 0.5265625 0.4 0.4984375 0.353125 0.4984375 0.353125 0.5265625
0 0.309375 0.528125 0.340625 0.528125 0.340625 0.509375 0.309375 0.509375 0.309375 0.528125
0 0.3125 0.490625 0.3484375 0.490625 0.3484375 0.4703125 0.3125 0.4703125 0.3125 0.490625
0 0.2609375 0.475 0.2984375 0.475 0.2984375 0.45625 0.2609375 0.45625 0.2609375 0.475
0 0.2796875 0.3390625 0.3234375 0.3390625 0.3234375 0.309375 0.2796875 0.309375 0.2796875 0.3390625
0 0.253125 0.3640625 0.2890625 0.3640625 0.2890625 0.3390625 0.253125 0.3390625 0.253125 0.3640625
0 0.3015625 0.3921875 0.3453125 0.3921875 0.3453125 0.3640625 0.3015625 0.3640625 0.3015625 0.3921875
0 0.2921875 0.453125 0.3328125 0.453125 0.3328125 0.421875 0.2921875 0.421875 0.2921875 0.453125