0 0.425 0.675 0.45625 0.675 0.45625 0.65625 0.425 0.65625 0.425 0.675
0 0.4671875 0.684375 0.5109375 0.684375 0.5109375 0.6546875 0.4671875 0.6546875 0.4671875 0.684375
0 0.5171875 0.6625 0.5515625 0.6625 0.5515625 0.634375 0.5171875 0.634375 0.5171875 0.6625
0 0.578125 0.5640625 0.60625 0.5640625 0.60625 0.5328125 0.578125 0.5328125 0.578125 0.5640625
0 0.6390625 0.590625 0.675 0.590625 0.675 0.5484375 0.6390625 0.5484375 0.6390625 0.590625
0 0.6125 0.5078125 0.6484375 0.5078125 0.6484375 0.4671875 0.6125 0.4671875 0.6125 0.5078125
0 0.621875 0.4609375 0.65625 0.4609375 0.65625 0.4171875 0.621875 0.4171875 0.621875 0.4609375
0 0.46875 0.5703125 0.503125 0.5703125 0.503125 0.5421875 0.46875 0.5421875 0.46875 0.5703125
0 0.3703125 0.5453125 0.409375 0.5453125 0.409375 0.521875 0.3703125 0.521875 0.3703125 0.5453125
0 0.4640625 0.5296875 0.4984375 0.5296875 0.4984375 0.5078125 0.4640625 0.5078125 0.4640625 0.5296875
0 0.490625 0.4328125 0.515625 0.4328125 0.515625 0.390625 0.490625 0.390625 0.490625 0.4328125
0 0.41875 0.478125 0.446875 0.478125 0.446875 0.4625 0.41875 0.4625 0.41875 0.478125
0 0.3828125 0.4671875 0.4171875 0.4671875 0.4171875 0.4453125 0.3828125 0.4453125 0.3828125 0.4671875
0 0.3703125 0.4453125 0.390625 0.4453125 0.390625 0.4265625 0.3703125 0.4265625 0.3703125 0.4453125
0 0.3625 0.409375 0.396875 0.409375 0.396875 0.378125 0.3625 0.378125 0.3625 0.409375