0 0.721875 0.3828125 0.675 0.3828125 0.675 0.4140625 0.721875 0.4140625 0.721875 0.3828125
0 0.603125 0.3484375 0.56875 0.3484375 0.56875 0.3765625 0.603125 0.3765625 0.603125 0.3484375
0 0.571875 0.384375 0.540625 0.384375 0.540625 0.41875 0.571875 0.41875 0.571875 0.384375
0 0.5328125 0.3734375 0.5046875 0.3734375 0.5046875 0.4078125 0.5328125 0.4078125 0.5328125 0.3734375
0 0.690625 0.4796875 0.6671875 0.4796875 0.6671875 0.509375 0.690625 0.509375 0.690625 0.4796875
0 0.7171875 0.5109375 0.69375 0.5109375 0.69375 0.5359375 0.7171875 0.5359375 0.7171875 0.5109375
0 0.68125 0.6171875 0.653125 0.6171875 0.653125 0.6578125 0.68125 0.6578125 0.68125 0.6171875
0 0.565625 0.6484375 0.5296875 0.6484375 0.5296875 0.665625 0.565625 0.665625 0.565625 0.6484375
0 0.56875 0.60625 0.534375 0.60625 0.534375 0.6375 0.56875 0.6375 0.56875 0.60625
0 0.5203125 0.5921875 0.4859375 0.5921875 0.4859375 0.6140625 0.5203125 0.6140625 0.5203125 0.5921875
0 0.53125 0.5171875 0.503125 0.5171875 0.503125 0.5421875 0.53125 0.5421875 0.53125 0.5171875
0 0.525 0.4984375 0.496875 0.4984375 0.496875 0.5109375 0.525 0.5109375 0.525 0.4984375
0 0.45 0.4765625 0.4140625 0.4765625 0.4140625 0.496875 0.45 0.496875 0.45 0.4765625
0 0.478125 0.51875 0.45625 0.51875 0.45625 0.55 0.478125 0.55 0.478125 0.51875
0 0.44375 0.60625 0.415625 0.60625 0.415625 0.625 0.44375 0.625 0.44375 0.60625
0 0.4296875 0.384375 0.3921875 0.384375 0.3921875 0.4078125 0.4296875 0.4078125 0.4296875 0.384375
0 0.4109375 0.3546875 0.3796875 0.3546875 0.3796875 0.375 0.4109375 0.375 0.4109375 0.3546875
0 0.4046875 0.3328125 0.3796875 0.3328125 0.3796875 0.3484375 0.4046875 0.3484375 0.4046875 0.3328125
0 0.31875 0.590625 0.290625 0.590625 0.290625 0.609375 0.31875 0.609375 0.31875 0.590625
0 0.3234375 0.6125 0.2921875 0.6125 0.2921875 0.634375 0.3234375 0.634375 0.3234375 0.6125
0 0.3484375 0.640625 0.3140625 0.640625 0.3140625 0.6625 0.3484375 0.6625 0.3484375 0.640625
0 0.3515625 0.6640625 0.3265625 0.6640625 0.3265625 0.6875 0.3515625 0.6875 0.3515625 0.6640625