0 0.690625 0.3328125 0.66875 0.3328125 0.66875 0.371875 0.690625 0.371875 0.690625 0.3328125
0 0.65 0.3609375 0.6265625 0.3609375 0.6265625 0.3921875 0.65 0.3921875 0.65 0.3609375
0 0.6234375 0.4796875 0.5875 0.4796875 0.5875 0.5125 0.6234375 0.5125 0.6234375 0.4796875
0 0.5984375 0.58125 0.553125 0.58125 0.553125 0.6140625 0.5984375 0.6140625 0.5984375 0.58125
0 0.60625 0.6359375 0.5734375 0.6359375 0.5734375 0.6625 0.60625 0.6625 0.60625 0.6359375
0 0.571875 0.61875 0.559375 0.61875 0.559375 0.6609375 0.571875 0.6609375 0.571875 0.61875
0 0.559375 0.634375 0.540625 0.634375 0.540625 0.6578125 0.559375 0.6578125 0.559375 0.634375
0 0.51875 0.6421875 0.5015625 0.6421875 0.5015625 0.68125 0.51875 0.68125 0.51875 0.6421875
0 0.4265625 0.6390625 0.4 0.6390625 0.4 0.69375 0.4265625 0.69375 0.4265625 0.6390625
0 0.3875 0.6359375 0.3625 0.6359375 0.3625 0.6703125 0.3875 0.6703125 0.3875 0.6359375
0 0.4515625 0.5 0.43125 0.5 0.43125 0.546875 0.4515625 0.546875 0.4515625 0.5
0 0.5484375 0.4796875 0.528125 0.4796875 0.528125 0.525 0.5484375 0.525 0.5484375 0.4796875
0 0.5125 0.4796875 0.48125 0.4796875 0.48125 0.51875 0.5125 0.51875 0.5125 0.4796875
0 0.5203125 0.4296875 0.4875 0.4296875 0.4875 0.46875 0.5203125 0.46875 0.5203125 0.4296875
0 0.490625 0.3296875 0.4671875 0.3296875 0.4671875 0.3703125 0.490625 0.3703125 0.490625 0.3296875
0 0.4125 0.3546875 0.3765625 0.3546875 0.3765625 0.3921875 0.4125 0.3921875 0.4125 0.3546875
0 0.4453125 0.4 0.4078125 0.4 0.4078125 0.446875 0.4453125 0.446875 0.4453125 0.4