0 0.5609375 0.7515625 0.5921875 0.7515625 0.5921875 0.7265625 0.5609375 0.7265625 0.5609375 0.7515625
0 0.628125 0.721875 0.671875 0.721875 0.671875 0.6890625 0.628125 0.6890625 0.628125 0.721875
0 0.4921875 0.65 0.5234375 0.65 0.5234375 0.621875 0.4921875 0.621875 0.4921875 0.65
0 0.4578125 0.6515625 0.4921875 0.6515625 0.4921875 0.63125 0.4578125 0.63125 0.4578125 0.6515625
0 0.421875 0.6734375 0.45 0.6734375 0.45 0.6390625 0.421875 0.6390625 0.421875 0.6734375
0 0.525 0.5796875 0.559375 0.5796875 0.559375 0.5515625 0.525 0.5515625 0.525 0.5796875
0 0.50625 0.5484375 0.534375 0.5484375 0.534375 0.5203125 0.50625 0.5203125 0.50625 0.5484375
0 0.4890625 0.471875 0.53125 0.471875 0.53125 0.43125 0.4890625 0.43125 0.4890625 0.471875
0 0.3828125 0.43125 0.4171875 0.43125 0.4171875 0.40625 0.3828125 0.40625 0.3828125 0.43125
0 0.5984375 0.4390625 0.6296875 0.4390625 0.6296875 0.4109375 0.5984375 0.4109375 0.5984375 0.4390625
0 0.6359375 0.396875 0.678125 0.396875 0.678125 0.371875 0.6359375 0.371875 0.6359375 0.396875
0 0.73125 0.3859375 0.765625 0.3859375 0.765625 0.3640625 0.73125 0.3640625 0.73125 0.3859375