0 0.6875 0.4625 0.6671875 0.4625 0.6671875 0.4875 0.6875 0.4875 0.6875 0.4625
0 0.5703125 0.4390625 0.546875 0.4390625 0.546875 0.4703125 0.5703125 0.4703125 0.5703125 0.4390625
0 0.534375 0.39375 0.5171875 0.39375 0.5171875 0.421875 0.534375 0.421875 0.534375 0.39375
0 0.5421875 0.596875 0.509375 0.596875 0.509375 0.6203125 0.5421875 0.6203125 0.5421875 0.596875
0 0.4796875 0.4265625 0.4546875 0.4265625 0.4546875 0.4640625 0.4796875 0.4640625 0.4796875 0.4265625
0 0.4328125 0.5 0.4046875 0.5 0.4046875 0.5375 0.4328125 0.5375 0.4328125 0.5
0 0.4078125 0.434375 0.3875 0.434375 0.3875 0.4765625 0.4078125 0.4765625 0.4078125 0.434375
0 0.35 0.4546875 0.325 0.4546875 0.325 0.5 0.35 0.5 0.35 0.4546875
0 0.3296875 0.4015625 0.309375 0.4015625 0.309375 0.4296875 0.3296875 0.4296875 0.3296875 0.4015625
0 0.4890625 0.3609375 0.471875 0.3609375 0.471875 0.390625 0.4890625 0.390625 0.4890625 0.3609375
0 0.4453125 0.340625 0.4234375 0.340625 0.4234375 0.365625 0.4453125 0.365625 0.4453125 0.340625
0 0.409375 0.3078125 0.3859375 0.3078125 0.3859375 0.35 0.409375 0.35 0.409375 0.3078125
0 0.509375 0.3078125 0.4796875 0.3078125 0.4796875 0.3359375 0.509375 0.3359375 0.509375 0.3078125
0 0.54375 0.2421875 0.51875 0.2421875 0.51875 0.2890625 0.54375 0.2890625 0.54375 0.2421875
0 0.5140625 0.246875 0.4875 0.246875 0.4875 0.3015625 0.5140625 0.3015625 0.5140625 0.246875