0 0.359375 0.309375 0.415625 0.309375 0.415625 0.2859375 0.359375 0.2859375 0.359375 0.309375
0 0.3375 0.4359375 0.371875 0.4359375 0.371875 0.4078125 0.3375 0.4078125 0.3375 0.4359375
0 0.4125 0.4171875 0.44375 0.4171875 0.44375 0.3921875 0.4125 0.3921875 0.4125 0.4171875
0 0.496875 0.4375 0.534375 0.4375 0.534375 0.4125 0.496875 0.4125 0.496875 0.4375
0 0.5234375 0.4671875 0.58125 0.4671875 0.58125 0.4421875 0.5234375 0.4421875 0.5234375 0.4671875
0 0.63125 0.46875 0.665625 0.46875 0.665625 0.4390625 0.63125 0.4390625 0.63125 0.46875
0 0.6109375 0.4171875 0.6515625 0.4171875 0.6515625 0.3953125 0.6109375 0.3953125 0.6109375 0.4171875
0 0.5875 0.3640625 0.615625 0.3640625 0.615625 0.3421875 0.5875 0.3421875 0.5875 0.3640625
0 0.5578125 0.35 0.5890625 0.35 0.5890625 0.3125 0.5578125 0.3125 0.5578125 0.35
0 0.6640625 0.3640625 0.7046875 0.3640625 0.7046875 0.3359375 0.6640625 0.3359375 0.6640625 0.3640625
0 0.68125 0.5421875 0.721875 0.5421875 0.721875 0.5234375 0.68125 0.5234375 0.68125 0.5421875
0 0.6015625 0.534375 0.6484375 0.534375 0.6484375 0.5125 0.6015625 0.5125 0.6015625 0.534375
0 0.5375 0.5671875 0.565625 0.5671875 0.565625 0.5421875 0.5375 0.5421875 0.5375 0.5671875
0 0.45 0.584375 0.48125 0.584375 0.48125 0.55625 0.45 0.55625 0.45 0.584375
0 0.43125 0.6375 0.459375 0.6375 0.459375 0.609375 0.43125 0.609375 0.43125 0.6375
0 0.43125 0.6734375 0.4890625 0.6734375 0.4890625 0.653125 0.43125 0.653125 0.43125 0.6734375
0 0.55625 0.7109375 0.58125 0.7109375 0.58125 0.6875 0.55625 0.6875 0.55625 0.7109375
0 0.5828125 0.6765625 0.6140625 0.6765625 0.6140625 0.646875 0.5828125 0.646875 0.5828125 0.6765625
0 0.5765625 0.64375 0.6140625 0.64375 0.6140625 0.63125 0.5765625 0.63125 0.5765625 0.64375
0 0.559375 0.6171875 0.6 0.6171875 0.6 0.6015625 0.559375 0.6015625 0.559375 0.6171875
0 0.5015625 0.60625 0.5328125 0.60625 0.5328125 0.59375 0.5015625 0.59375 0.5015625 0.60625
0 0.5375 0.6046875 0.5734375 0.6046875 0.5734375 0.5890625 0.5375 0.5890625 0.5375 0.6046875