0 0.640625 0.7828125 0.5875 0.7828125 0.5875 0.8015625 0.640625 0.8015625 0.640625 0.7828125
0 0.61875 0.6921875 0.571875 0.6921875 0.571875 0.7234375 0.61875 0.7234375 0.61875 0.6921875
0 0.4984375 0.725 0.4765625 0.725 0.4765625 0.7578125 0.4984375 0.7578125 0.4984375 0.725
0 0.4625 0.753125 0.4375 0.753125 0.4375 0.775 0.4625 0.775 0.4625 0.753125
0 0.44375 0.8078125 0.4078125 0.8078125 0.4078125 0.828125 0.44375 0.828125 0.44375 0.8078125
0 0.45 0.7734375 0.41875 0.7734375 0.41875 0.8078125 0.45 0.8078125 0.45 0.7734375
0 0.3140625 0.6609375 0.278125 0.6609375 0.278125 0.68125 0.3140625 0.68125 0.3140625 0.6609375
0 0.3625 0.5734375 0.3265625 0.5734375 0.3265625 0.603125 0.3625 0.603125 0.3625 0.5734375
0 0.60625 0.6140625 0.5671875 0.6140625 0.5671875 0.6328125 0.60625 0.6328125 0.60625 0.6140625
0 0.5734375 0.6640625 0.5109375 0.6640625 0.5109375 0.6828125 0.5734375 0.6828125 0.5734375 0.6640625
0 0.559375 0.6421875 0.5234375 0.6421875 0.5234375 0.659375 0.559375 0.659375 0.559375 0.6421875
0 0.521875 0.64375 0.4984375 0.64375 0.4984375 0.66875 0.521875 0.66875 0.521875 0.64375
0 0.4609375 0.665625 0.4328125 0.665625 0.4328125 0.6890625 0.4609375 0.6890625 0.4609375 0.665625
0 0.4390625 0.6375 0.4109375 0.6375 0.4109375 0.6625 0.4390625 0.6625 0.4390625 0.6375
0 0.4078125 0.6171875 0.3734375 0.6171875 0.3734375 0.6484375 0.4078125 0.6484375 0.4078125 0.6171875
0 0.4625 0.5734375 0.434375 0.5734375 0.434375 0.6078125 0.4625 0.6078125 0.4625 0.5734375
0 0.51875 0.596875 0.46875 0.596875 0.46875 0.6296875 0.51875 0.6296875 0.51875 0.596875
0 0.3328125 0.4078125 0.2984375 0.4078125 0.2984375 0.4328125 0.3328125 0.4328125 0.3328125 0.4078125
0 0.3390625 0.3609375 0.3015625 0.3609375 0.3015625 0.3859375 0.3390625 0.3859375 0.3390625 0.3609375
0 0.31875 0.3203125 0.290625 0.3203125 0.290625 0.35 0.31875 0.35 0.31875 0.3203125
0 0.340625 0.26875 0.3015625 0.26875 0.3015625 0.3 0.340625 0.3 0.340625 0.26875
0 0.4453125 0.4359375 0.4109375 0.4359375 0.4109375 0.465625 0.4453125 0.465625 0.4453125 0.4359375
0 0.4796875 0.4015625 0.4453125 0.4015625 0.4453125 0.4265625 0.4796875 0.4265625 0.4796875 0.4015625
0 0.496875 0.4375 0.459375 0.4375 0.459375 0.465625 0.496875 0.465625 0.496875 0.4375
0 0.54375 0.446875 0.51875 0.446875 0.51875 0.46875 0.54375 0.46875 0.54375 0.446875
0 0.55 0.4078125 0.5125 0.4078125 0.5125 0.4296875 0.55 0.4296875 0.55 0.4078125
0 0.584375 0.446875 0.54375 0.446875 0.54375 0.484375 0.584375 0.484375 0.584375 0.446875
0 0.6625 0.375 0.625 0.375 0.625 0.415625 0.6625 0.415625 0.6625 0.375
0 0.496875 0.6390625 0.4625 0.6390625 0.4625 0.6578125 0.496875 0.6578125 0.496875 0.6390625