0 0.4109375 0.6796875 0.3765625 0.6796875 0.3765625 0.6984375 0.4109375 0.6984375 0.4109375 0.6796875
0 0.2859375 0.6625 0.2390625 0.6625 0.2390625 0.684375 0.2859375 0.684375 0.2859375 0.6625
0 0.434375 0.6484375 0.384375 0.6484375 0.384375 0.665625 0.434375 0.665625 0.434375 0.6484375
0 0.4390625 0.625 0.396875 0.625 0.396875 0.64375 0.4390625 0.64375 0.4390625 0.625
0 0.571875 0.6375 0.5375 0.6375 0.5375 0.671875 0.571875 0.671875 0.571875 0.6375
0 0.6 0.665625 0.56875 0.665625 0.56875 0.6875 0.6 0.6875 0.6 0.665625
0 0.69375 0.525 0.65 0.525 0.65 0.54375 0.69375 0.54375 0.69375 0.525
0 0.4203125 0.5453125 0.378125 0.5453125 0.378125 0.5703125 0.4203125 0.5703125 0.4203125 0.5453125
0 0.4703125 0.5015625 0.4359375 0.5015625 0.4359375 0.53125 0.4703125 0.53125 0.4703125 0.5015625
0 0.4734375 0.4125 0.4421875 0.4125 0.4421875 0.4421875 0.4734375 0.4421875 0.4734375 0.4125
0 0.3984375 0.446875 0.3578125 0.446875 0.3578125 0.465625 0.3984375 0.465625 0.3984375 0.446875
0 0.284375 0.4515625 0.24375 0.4515625 0.24375 0.4734375 0.284375 0.4734375 0.284375 0.4515625
0 0.5875 0.4484375 0.54375 0.4484375 0.54375 0.4734375 0.5875 0.4734375 0.5875 0.4484375
0 0.615625 0.4765625 0.5875 0.4765625 0.5875 0.4984375 0.615625 0.4984375 0.615625 0.4765625
0 0.675 0.484375 0.61875 0.484375 0.61875 0.5125 0.675 0.5125 0.675 0.484375
0 0.7109375 0.59375 0.6671875 0.59375 0.6671875 0.6125 0.7109375 0.6125 0.7109375 0.59375
0 0.709375 0.409375 0.68125 0.409375 0.68125 0.4375 0.709375 0.4375 0.709375 0.409375
0 0.6875 0.35 0.659375 0.35 0.659375 0.3875 0.6875 0.3875 0.6875 0.35
0 0.6814657796875 0.6330495984375 0.6496450281249999 0.60099333125 0.6340183671874999 0.616505184375 0.66583911875 0.6485614515625 0.6814657796875 0.6330495984375