0 0.6953125 0.6328125 0.6734375 0.6328125 0.6734375 0.6765625 0.6953125 0.6765625 0.6953125 0.6328125
0 0.66875 0.5484375 0.65 0.5484375 0.65 0.5984375 0.66875 0.5984375 0.66875 0.5484375
0 0.6984375 0.45625 0.6734375 0.45625 0.6734375 0.5125 0.6984375 0.5125 0.6984375 0.45625
0 0.625 0.4828125 0.590625 0.4828125 0.590625 0.5140625 0.625 0.5140625 0.625 0.4828125
0 0.6390625 0.546875 0.6140625 0.546875 0.6140625 0.584375 0.6390625 0.584375 0.6390625 0.546875
0 0.66875 0.6125 0.64375 0.6125 0.64375 0.6375 0.66875 0.6375 0.66875 0.6125
0 0.61875 0.640625 0.5984375 0.640625 0.5984375 0.678125 0.61875 0.678125 0.61875 0.640625
0 0.5671875 0.6484375 0.5359375 0.6484375 0.5359375 0.6765625 0.5671875 0.6765625 0.5671875 0.6484375
0 0.4953125 0.634375 0.4734375 0.634375 0.4734375 0.665625 0.4953125 0.665625 0.4953125 0.634375
0 0.4734375 0.575 0.4421875 0.575 0.4421875 0.60625 0.4734375 0.60625 0.4734375 0.575
0 0.459375 0.6296875 0.425 0.6296875 0.425 0.6578125 0.459375 0.6578125 0.459375 0.6296875
0 0.36875 0.6421875 0.34375 0.6421875 0.34375 0.6828125 0.36875 0.6828125 0.36875 0.6421875
0 0.653125 0.3796875 0.634375 0.3796875 0.634375 0.4328125 0.653125 0.4328125 0.653125 0.3796875
0 0.590625 0.4234375 0.56875 0.4234375 0.56875 0.459375 0.590625 0.459375 0.590625 0.4234375
0 0.5375 0.415625 0.51875 0.415625 0.51875 0.4515625 0.5375 0.4515625 0.5375 0.415625
0 0.565625 0.3921875 0.5484375 0.3921875 0.5484375 0.4296875 0.565625 0.4296875 0.565625 0.3921875
0 0.5625 0.3484375 0.5328125 0.3484375 0.5328125 0.3828125 0.5625 0.3828125 0.5625 0.3484375
0 0.43125 0.453125 0.409375 0.453125 0.409375 0.4875 0.43125 0.4875 0.43125 0.453125
0 0.4046875 0.46875 0.3796875 0.46875 0.3796875 0.503125 0.4046875 0.503125 0.4046875 0.46875
0 0.39375 0.521875 0.359375 0.521875 0.359375 0.546875 0.39375 0.546875 0.39375 0.521875
0 0.3828125 0.4140625 0.353125 0.4140625 0.353125 0.4421875 0.3828125 0.4421875 0.3828125 0.4140625