0 0.24375 0.66875 0.2625 0.66875 0.2625 0.63125 0.24375 0.63125 0.24375 0.66875
0 0.253125 0.6203125 0.2703125 0.6203125 0.2703125 0.5890625 0.253125 0.5890625 0.253125 0.6203125
0 0.271875 0.65625 0.2875 0.65625 0.2875 0.625 0.271875 0.625 0.271875 0.65625
0 0.2734375 0.6234375 0.2859375 0.6234375 0.2859375 0.6046875 0.2734375 0.6046875 0.2734375 0.6234375
0 0.2953125 0.61875 0.325 0.61875 0.325 0.575 0.2953125 0.575 0.2953125 0.61875
0 0.303125 0.575 0.325 0.575 0.325 0.546875 0.303125 0.546875 0.303125 0.575
0 0.3296875 0.5875 0.3515625 0.5875 0.3515625 0.565625 0.3296875 0.565625 0.3296875 0.5875
0 0.3578125 0.5875 0.3859375 0.5875 0.3859375 0.5625 0.3578125 0.5625 0.3578125 0.5875
0 0.40625 0.54375 0.43125 0.54375 0.43125 0.5125 0.40625 0.5125 0.40625 0.54375
0 0.303125 0.3375 0.340625 0.3375 0.340625 0.3125 0.303125 0.3125 0.303125 0.3375
0 0.29375 0.421875 0.321875 0.421875 0.321875 0.39375 0.29375 0.39375 0.29375 0.421875
0 0.321875 0.4109375 0.3375 0.4109375 0.3375 0.3765625 0.321875 0.3765625 0.321875 0.4109375
0 0.309375 0.3953125 0.325 0.3953125 0.325 0.375 0.309375 0.375 0.309375 0.3953125
0 0.3921875 0.375 0.4078125 0.375 0.4078125 0.346875 0.3921875 0.346875 0.3921875 0.375
0 0.4265625 0.4375 0.4484375 0.4375 0.4484375 0.40625 0.4265625 0.40625 0.4265625 0.4375
0 0.4046875 0.3515625 0.4375 0.3515625 0.4375 0.3125 0.4046875 0.3125 0.4046875 0.3515625
0 0.4890625 0.4296875 0.50625 0.4296875 0.50625 0.3875 0.4890625 0.3875 0.4890625 0.4296875
0 0.4765625 0.3296875 0.4984375 0.3296875 0.4984375 0.2859375 0.4765625 0.2859375 0.4765625 0.3296875
0 0.4625 0.603125 0.4796875 0.603125 0.4796875 0.55 0.4625 0.55 0.4625 0.603125
0 0.5046875 0.5953125 0.5296875 0.5953125 0.5296875 0.5609375 0.5046875 0.5609375 0.5046875 0.5953125
0 0.509375 0.559375 0.5328125 0.559375 0.5328125 0.525 0.509375 0.525 0.509375 0.559375
0 0.5640625 0.525 0.58125 0.525 0.58125 0.4875 0.5640625 0.4875 0.5640625 0.525
0 0.56875 0.4453125 0.590625 0.4453125 0.590625 0.403125 0.56875 0.403125 0.56875 0.4453125
0 0.61875 0.38125 0.64375 0.38125 0.64375 0.328125 0.61875 0.328125 0.61875 0.38125