0 0.246875 0.259375 0.28125 0.259375 0.28125 0.246875 0.246875 0.246875 0.246875 0.259375
0 0.2328125 0.2953125 0.271875 0.2953125 0.271875 0.2765625 0.2328125 0.2765625 0.2328125 0.2953125
0 0.228125 0.4046875 0.2640625 0.4046875 0.2640625 0.3796875 0.228125 0.3796875 0.228125 0.4046875
0 0.2921875 0.6578125 0.3265625 0.6578125 0.3265625 0.6296875 0.2921875 0.6296875 0.2921875 0.6578125
0 0.446875 0.5234375 0.478125 0.5234375 0.478125 0.4953125 0.446875 0.4953125 0.446875 0.5234375
0 0.5109375 0.4828125 0.5453125 0.4828125 0.5453125 0.4578125 0.5109375 0.4578125 0.5109375 0.4828125
0 0.51875 0.378125 0.565625 0.378125 0.565625 0.340625 0.51875 0.340625 0.51875 0.378125
0 0.6734375 0.3515625 0.7171875 0.3515625 0.7171875 0.3109375 0.6734375 0.3109375 0.6734375 0.3515625
0 0.725 0.403125 0.75625 0.403125 0.75625 0.371875 0.725 0.371875 0.725 0.403125
0 0.66875 0.6015625 0.696875 0.6015625 0.696875 0.5703125 0.66875 0.5703125 0.66875 0.6015625
0 0.5890625 0.609375 0.63125 0.609375 0.63125 0.58125 0.5890625 0.58125 0.5890625 0.609375
0 0.5625 0.6828125 0.6015625 0.6828125 0.6015625 0.65 0.5625 0.65 0.5625 0.6828125
0 0.5890625 0.721875 0.6453125 0.721875 0.6453125 0.69375 0.5890625 0.69375 0.5890625 0.721875