0 0.3671875 0.5890625 0.3484375 0.5890625 0.3484375 0.6171875 0.3671875 0.6171875 0.3671875 0.5890625
0 0.390625 0.6234375 0.36875 0.6234375 0.36875 0.6484375 0.390625 0.6484375 0.390625 0.6234375
0 0.4453125 0.4875 0.428125 0.4875 0.428125 0.528125 0.4453125 0.528125 0.4453125 0.4875
0 0.565625 0.5953125 0.5328125 0.5953125 0.5328125 0.6359375 0.565625 0.6359375 0.565625 0.5953125
0 0.6625 0.5265625 0.6421875 0.5265625 0.6421875 0.5921875 0.6625 0.5921875 0.6625 0.5265625
0 0.659375 0.603125 0.6390625 0.603125 0.6390625 0.65 0.659375 0.65 0.659375 0.603125
0 0.4734375 0.3953125 0.4484375 0.3953125 0.4484375 0.43125 0.4734375 0.43125 0.4734375 0.3953125
0 0.325 0.375 0.309375 0.375 0.309375 0.4 0.325 0.4 0.325 0.375
0 0.321875 0.3375 0.303125 0.3375 0.303125 0.365625 0.321875 0.365625 0.321875 0.3375
0 0.4265625 0.2640625 0.4140625 0.2640625 0.4140625 0.3 0.4265625 0.3 0.4265625 0.2640625
0 0.46875 0.2546875 0.4390625 0.2546875 0.4390625 0.2953125 0.46875 0.2953125 0.46875 0.2546875
0 0.5484375 0.3453125 0.5078125 0.3453125 0.5078125 0.3796875 0.5484375 0.3796875 0.5484375 0.3453125
0 0.5765625 0.2765625 0.5453125 0.2765625 0.5453125 0.3015625 0.5765625 0.3015625 0.5765625 0.2765625
0 0.596875 0.290625 0.575 0.290625 0.575 0.334375 0.596875 0.334375 0.596875 0.290625