0 0.70625 0.3390625 0.68125 0.3390625 0.68125 0.3734375 0.70625 0.3734375 0.70625 0.3390625
0 0.5109375 0.3203125 0.4734375 0.3203125 0.4734375 0.3484375 0.5109375 0.3484375 0.5109375 0.3203125
0 0.44375 0.3015625 0.41875 0.3015625 0.41875 0.31875 0.44375 0.31875 0.44375 0.3015625
0 0.4015625 0.284375 0.3734375 0.284375 0.3734375 0.3078125 0.4015625 0.3078125 0.4015625 0.284375
0 0.3703125 0.2828125 0.3328125 0.2828125 0.3328125 0.3078125 0.3703125 0.3078125 0.3703125 0.2828125
0 0.35625 0.3234375 0.325 0.3234375 0.325 0.3484375 0.35625 0.3484375 0.35625 0.3234375
0 0.4796875 0.396875 0.4453125 0.396875 0.4453125 0.4203125 0.4796875 0.4203125 0.4796875 0.396875
0 0.4609375 0.421875 0.4359375 0.421875 0.4359375 0.44375 0.4609375 0.44375 0.4609375 0.421875
0 0.6765625 0.4390625 0.6375 0.4390625 0.6375 0.459375 0.6765625 0.459375 0.6765625 0.4390625
0 0.6140625 0.4921875 0.55625 0.4921875 0.55625 0.5125 0.6140625 0.5125 0.6140625 0.4921875
0 0.5078125 0.5140625 0.4640625 0.5140625 0.4640625 0.5421875 0.5078125 0.5421875 0.5078125 0.5140625
0 0.69375 0.5625 0.64375 0.5625 0.64375 0.584375 0.69375 0.584375 0.69375 0.5625
0 0.5984375 0.615625 0.5734375 0.615625 0.5734375 0.6515625 0.5984375 0.6515625 0.5984375 0.615625
0 0.5140625 0.6421875 0.4796875 0.6421875 0.4796875 0.671875 0.5140625 0.671875 0.5140625 0.6421875
0 0.41875 0.6359375 0.38125 0.6359375 0.38125 0.6578125 0.41875 0.6578125 0.41875 0.6359375