0 0.3515625 0.7578125 0.3953125 0.7578125 0.3953125 0.7390625 0.3515625 0.7390625 0.3515625 0.7578125
0 0.315625 0.7265625 0.340625 0.7265625 0.340625 0.696875 0.315625 0.696875 0.315625 0.7265625
0 0.55 0.7546875 0.596875 0.7546875 0.596875 0.7328125 0.55 0.7328125 0.55 0.7546875
0 0.4515625 0.63125 0.490625 0.63125 0.490625 0.615625 0.4515625 0.615625 0.4515625 0.63125
0 0.478125 0.6546875 0.521875 0.6546875 0.521875 0.6328125 0.478125 0.6328125 0.478125 0.6546875
0 0.6046875 0.653125 0.6484375 0.653125 0.6484375 0.63125 0.6046875 0.63125 0.6046875 0.653125
0 0.55625 0.6140625 0.590625 0.6140625 0.590625 0.59375 0.55625 0.59375 0.55625 0.6140625
0 0.603125 0.603125 0.6578125 0.603125 0.6578125 0.571875 0.603125 0.571875 0.603125 0.603125
0 0.5953125 0.5359375 0.6234375 0.5359375 0.6234375 0.4984375 0.5953125 0.4984375 0.5953125 0.5359375
0 0.5375 0.5171875 0.5734375 0.5171875 0.5734375 0.4890625 0.5375 0.4890625 0.5375 0.5171875
0 0.6109375 0.465625 0.6515625 0.465625 0.6515625 0.4328125 0.6109375 0.4328125 0.6109375 0.465625
0 0.5125 0.45625 0.565625 0.45625 0.565625 0.428125 0.5125 0.428125 0.5125 0.45625
0 0.603125 0.4125 0.6390625 0.4125 0.6390625 0.3875 0.603125 0.3875 0.603125 0.4125
0 0.371875 0.5078125 0.415625 0.5078125 0.415625 0.4890625 0.371875 0.4890625 0.371875 0.5078125
0 0.284375 0.4703125 0.315625 0.4703125 0.315625 0.4421875 0.284375 0.4421875 0.284375 0.4703125
0 0.390625 0.3875 0.440625 0.3875 0.440625 0.3625 0.390625 0.3625 0.390625 0.3875
0 0.453125 0.3796875 0.484375 0.3796875 0.484375 0.3546875 0.453125 0.3546875 0.453125 0.3796875
0 0.2375 0.6375 0.290625 0.6375 0.290625 0.6125 0.2375 0.6125 0.2375 0.6375
0 0.2421875 0.5796875 0.2890625 0.5796875 0.2890625 0.5453125 0.2421875 0.5453125 0.2421875 0.5796875
0 0.2375 0.5390625 0.2796875 0.5390625 0.2796875 0.5109375 0.2375 0.5109375 0.2375 0.5390625