0 0.3125 0.3125 0.284375 0.3125 0.284375 0.334375 0.3125 0.334375 0.3125 0.3125
0 0.4765625 0.2984375 0.440625 0.2984375 0.440625 0.3296875 0.4765625 0.3296875 0.4765625 0.2984375
0 0.4640625 0.3609375 0.440625 0.3609375 0.440625 0.3828125 0.4640625 0.3828125 0.4640625 0.3609375
0 0.3515625 0.4734375 0.315625 0.4734375 0.315625 0.5078125 0.3515625 0.5078125 0.3515625 0.4734375
0 0.3203125 0.578125 0.2828125 0.578125 0.2828125 0.5984375 0.3203125 0.5984375 0.3203125 0.578125
0 0.4671875 0.5453125 0.4328125 0.5453125 0.4328125 0.5703125 0.4671875 0.5703125 0.4671875 0.5453125
0 0.4375 0.5703125 0.4125 0.5703125 0.4125 0.6109375 0.4375 0.6109375 0.4375 0.5703125
0 0.503125 0.4859375 0.4640625 0.4859375 0.4640625 0.5078125 0.503125 0.5078125 0.503125 0.4859375
0 0.5625 0.5875 0.5125 0.5875 0.5125 0.6125 0.5625 0.6125 0.5625 0.5875
0 0.6078125 0.490625 0.5765625 0.490625 0.5765625 0.5140625 0.6078125 0.5140625 0.6078125 0.490625
0 0.603125 0.415625 0.56875 0.415625 0.56875 0.4328125 0.603125 0.4328125 0.603125 0.415625
0 0.70625 0.4203125 0.68125 0.4203125 0.68125 0.4546875 0.70625 0.4546875 0.70625 0.4203125
0 0.690625 0.3734375 0.625 0.3734375 0.625 0.390625 0.690625 0.390625 0.690625 0.3734375
0 0.6671875 0.3578125 0.6109375 0.3578125 0.6109375 0.3703125 0.6671875 0.3703125 0.6671875 0.3578125
0 0.6828125 0.3046875 0.6578125 0.3046875 0.6578125 0.3296875 0.6828125 0.3296875 0.6828125 0.3046875
0 0.68125 0.3359375 0.6609375 0.3359375 0.6609375 0.3578125 0.68125 0.3578125 0.68125 0.3359375
0 0.7375 0.3203125 0.703125 0.3203125 0.703125 0.3546875 0.7375 0.3546875 0.7375 0.3203125