0 0.4015625 0.334375 0.4390625 0.334375 0.4390625 0.3125 0.4015625 0.3125 0.4015625 0.334375
0 0.346875 0.35625 0.390625 0.35625 0.390625 0.33125 0.346875 0.33125 0.346875 0.35625
0 0.309375 0.371875 0.34375 0.371875 0.34375 0.340625 0.309375 0.340625 0.309375 0.371875
0 0.34375 0.459375 0.378125 0.459375 0.378125 0.43125 0.34375 0.43125 0.34375 0.459375
0 0.4546875 0.471875 0.4984375 0.471875 0.4984375 0.45 0.4546875 0.45 0.4546875 0.471875
0 0.5 0.4453125 0.53125 0.4453125 0.53125 0.4078125 0.5 0.4078125 0.5 0.4453125
0 0.6265625 0.4265625 0.66875 0.4265625 0.66875 0.403125 0.6265625 0.403125 0.6265625 0.4265625
0 0.64375 0.4578125 0.6859375 0.4578125 0.6859375 0.4265625 0.64375 0.4265625 0.64375 0.4578125
0 0.6453125 0.378125 0.6765625 0.378125 0.6765625 0.35625 0.6453125 0.35625 0.6453125 0.378125
0 0.6578125 0.353125 0.7 0.353125 0.7 0.3328125 0.6578125 0.3328125 0.6578125 0.353125
0 0.6640625 0.30625 0.7203125 0.30625 0.7203125 0.2875 0.6640625 0.2875 0.6640625 0.30625
0 0.6328125 0.2921875 0.6640625 0.2921875 0.6640625 0.2765625 0.6328125 0.2765625 0.6328125 0.2921875
0 0.721875 0.35625 0.75 0.35625 0.75 0.3390625 0.721875 0.3390625 0.721875 0.35625
0 0.715625 0.38125 0.74375 0.38125 0.74375 0.35625 0.715625 0.35625 0.715625 0.38125
0 0.571875 0.6109375 0.615625 0.6109375 0.615625 0.590625 0.571875 0.590625 0.571875 0.6109375
0 0.5421875 0.63125 0.5765625 0.63125 0.5765625 0.60625 0.5421875 0.60625 0.5421875 0.63125
0 0.5109375 0.6734375 0.5390625 0.6734375 0.5390625 0.6328125 0.5109375 0.6328125 0.5109375 0.6734375
0 0.49375 0.578125 0.521875 0.578125 0.521875 0.5609375 0.49375 0.5609375 0.49375 0.578125
0 0.4625 0.5609375 0.4984375 0.5609375 0.4984375 0.5359375 0.4625 0.5359375 0.4625 0.5609375
0 0.3421875 0.64375 0.3765625 0.64375 0.3765625 0.621875 0.3421875 0.621875 0.3421875 0.64375