0 0.5875 0.325 0.6171875 0.325 0.6171875 0.278125 0.5875 0.278125 0.5875 0.325
0 0.625 0.4328125 0.6515625 0.4328125 0.6515625 0.3984375 0.625 0.3984375 0.625 0.4328125
0 0.58125 0.459375 0.615625 0.459375 0.615625 0.4296875 0.58125 0.4296875 0.58125 0.459375
0 0.59375 0.496875 0.628125 0.496875 0.628125 0.4671875 0.59375 0.4671875 0.59375 0.496875
0 0.490625 0.3328125 0.5203125 0.3328125 0.5203125 0.309375 0.490625 0.309375 0.490625 0.3328125
0 0.465625 0.3078125 0.490625 0.3078125 0.490625 0.284375 0.465625 0.284375 0.465625 0.3078125
0 0.3421875 0.346875 0.3828125 0.346875 0.3828125 0.3203125 0.3421875 0.3203125 0.3421875 0.346875
0 0.3359375 0.4703125 0.353125 0.4703125 0.353125 0.434375 0.3359375 0.434375 0.3359375 0.4703125
0 0.3640625 0.465625 0.39375 0.465625 0.39375 0.4328125 0.3640625 0.4328125 0.3640625 0.465625
0 0.3859375 0.515625 0.4078125 0.515625 0.4078125 0.48125 0.3859375 0.48125 0.3859375 0.515625
0 0.4578125 0.496875 0.4828125 0.496875 0.4828125 0.4703125 0.4578125 0.4703125 0.4578125 0.496875
0 0.4890625 0.503125 0.5015625 0.503125 0.5015625 0.475 0.4890625 0.475 0.4890625 0.503125
0 0.503125 0.5859375 0.5234375 0.5859375 0.5234375 0.55 0.503125 0.55 0.503125 0.5859375
0 0.45 0.54375 0.48125 0.54375 0.48125 0.521875 0.45 0.521875 0.45 0.54375
0 0.375 0.5859375 0.39375 0.5859375 0.39375 0.55625 0.375 0.55625 0.375 0.5859375
0 0.59375 0.6078125 0.6171875 0.6078125 0.6171875 0.5703125 0.59375 0.5703125 0.59375 0.6078125
0 0.6265625 0.6203125 0.646875 0.6203125 0.646875 0.5890625 0.6265625 0.5890625 0.6265625 0.6203125
0 0.653125 0.6203125 0.66875 0.6203125 0.66875 0.596875 0.653125 0.596875 0.653125 0.6203125
0 0.390625 0.7109375 0.4109375 0.7109375 0.4109375 0.68125 0.390625 0.68125 0.390625 0.7109375
0 0.365625 0.7078125 0.3890625 0.7078125 0.3890625 0.6765625 0.365625 0.6765625 0.365625 0.7078125
0 0.3375 0.6875 0.359375 0.6875 0.359375 0.653125 0.3375 0.653125 0.3375 0.6875
0 0.3140625 0.6734375 0.3375 0.6734375 0.3375 0.6484375 0.3140625 0.6484375 0.3140625 0.6734375