0 0.446875 0.3015625 0.484375 0.3015625 0.484375 0.2734375 0.446875 0.2734375 0.446875 0.3015625
0 0.7015625 0.396875 0.7328125 0.396875 0.7328125 0.365625 0.7015625 0.365625 0.7015625 0.396875
0 0.43125 0.384375 0.478125 0.384375 0.478125 0.3640625 0.43125 0.3640625 0.43125 0.384375
0 0.3953125 0.365625 0.43125 0.365625 0.43125 0.3375 0.3953125 0.3375 0.3953125 0.365625
0 0.325 0.4265625 0.3765625 0.4265625 0.3765625 0.3984375 0.325 0.3984375 0.325 0.4265625
0 0.384375 0.46875 0.4125 0.46875 0.4125 0.4328125 0.384375 0.4328125 0.384375 0.46875
0 0.5015625 0.5015625 0.5421875 0.5015625 0.5421875 0.4765625 0.5015625 0.4765625 0.5015625 0.5015625
0 0.5921875 0.534375 0.63125 0.534375 0.63125 0.5046875 0.5921875 0.5046875 0.5921875 0.534375
0 0.6328125 0.54375 0.6578125 0.54375 0.6578125 0.5078125 0.6328125 0.5078125 0.6328125 0.54375
0 0.75 0.6328125 0.78125 0.6328125 0.78125 0.5921875 0.75 0.5921875 0.75 0.6328125
0 0.50625 0.6390625 0.5625 0.6390625 0.5625 0.61875 0.50625 0.61875 0.50625 0.6390625
0 0.4734375 0.6640625 0.4984375 0.6640625 0.4984375 0.64375 0.4734375 0.64375 0.4734375 0.6640625
0 0.5015625 0.5453125 0.5421875 0.5453125 0.5421875 0.525 0.5015625 0.525 0.5015625 0.5453125
0 0.428125 0.5578125 0.471875 0.5578125 0.471875 0.5359375 0.428125 0.5359375 0.428125 0.5578125
0 0.378125 0.55 0.415625 0.55 0.415625 0.5078125 0.378125 0.5078125 0.378125 0.55
0 0.296875 0.553125 0.334375 0.553125 0.334375 0.5203125 0.296875 0.5203125 0.296875 0.553125