0 0.753125 0.5296875 0.70625 0.5296875 0.70625 0.5625 0.753125 0.5625 0.753125 0.5296875
0 0.7296875 0.4484375 0.6953125 0.4484375 0.6953125 0.4734375 0.7296875 0.4734375 0.7296875 0.4484375
0 0.6375 0.3859375 0.6125 0.3859375 0.6125 0.4140625 0.6375 0.4140625 0.6375 0.3859375
0 0.5796875 0.328125 0.5546875 0.328125 0.5546875 0.35 0.5796875 0.35 0.5796875 0.328125
0 0.5484375 0.3515625 0.5234375 0.3515625 0.5234375 0.3671875 0.5484375 0.3671875 0.5484375 0.3515625
0 0.3734375 0.3375 0.3296875 0.3375 0.3296875 0.359375 0.3734375 0.359375 0.3734375 0.3375
0 0.31875 0.3625 0.2765625 0.3625 0.2765625 0.409375 0.31875 0.409375 0.31875 0.3625
0 0.328125 0.3421875 0.278125 0.3421875 0.278125 0.359375 0.328125 0.359375 0.328125 0.3421875
0 0.28125 0.45 0.25625 0.45 0.25625 0.471875 0.28125 0.471875 0.28125 0.45
0 0.315625 0.4203125 0.29375 0.4203125 0.29375 0.4546875 0.315625 0.4546875 0.315625 0.4203125
0 0.3234375 0.496875 0.2796875 0.496875 0.2796875 0.5328125 0.3234375 0.5328125 0.3234375 0.496875
0 0.2921875 0.534375 0.2703125 0.534375 0.2703125 0.5625 0.2921875 0.5625 0.2921875 0.534375
0 0.2890625 0.6265625 0.2609375 0.6265625 0.2609375 0.6453125 0.2890625 0.6453125 0.2890625 0.6265625
0 0.3109375 0.6578125 0.2671875 0.6578125 0.2671875 0.6796875 0.3109375 0.6796875 0.3109375 0.6578125
0 0.325 0.5765625 0.296875 0.5765625 0.296875 0.6015625 0.325 0.6015625 0.325 0.5765625
0 0.353125 0.6015625 0.321875 0.6015625 0.321875 0.6203125 0.353125 0.6203125 0.353125 0.6015625
0 0.428125 0.6421875 0.3875 0.6421875 0.3875 0.671875 0.428125 0.671875 0.428125 0.6421875
0 0.425 0.6234375 0.390625 0.6234375 0.390625 0.6390625 0.425 0.6390625 0.425 0.6234375
0 0.425 0.578125 0.38125 0.578125 0.38125 0.5984375 0.425 0.5984375 0.425 0.578125
0 0.453125 0.5421875 0.40625 0.5421875 0.40625 0.5609375 0.453125 0.5609375 0.453125 0.5421875
0 0.4765625 0.5921875 0.4296875 0.5921875 0.4296875 0.6125 0.4765625 0.6125 0.4765625 0.5921875
0 0.5140625 0.65625 0.4859375 0.65625 0.4859375 0.6765625 0.5140625 0.6765625 0.5140625 0.65625
0 0.5609375 0.64375 0.5375 0.64375 0.5375 0.6625 0.5609375 0.6625 0.5609375 0.64375
0 0.596875 0.628125 0.559375 0.628125 0.559375 0.646875 0.596875 0.646875 0.596875 0.628125
0 0.5375 0.5390625 0.503125 0.5390625 0.503125 0.5671875 0.5375 0.5671875 0.5375 0.5390625
0 0.609375 0.534375 0.584375 0.534375 0.584375 0.5578125 0.609375 0.5578125 0.609375 0.534375
0 0.6359375 0.5515625 0.6109375 0.5515625 0.6109375 0.5703125 0.6359375 0.5703125 0.6359375 0.5515625
0 0.65625 0.5859375 0.61875 0.5859375 0.61875 0.615625 0.65625 0.615625 0.65625 0.5859375
0 0.5859375 0.390625 0.5625 0.390625 0.5625 0.428125 0.5859375 0.428125 0.5859375 0.390625
0 0.573571684375 0.42823710937500004 0.5475989421875 0.3998294203125 0.5301322374999999 0.4157989765625 0.5561049796875001 0.444206665625 0.573571684375 0.42823710937500004