0 0.665625 0.6 0.6890625 0.6 0.6890625 0.5625 0.665625 0.5625 0.665625 0.6
0 0.64375 0.653125 0.66875 0.653125 0.66875 0.609375 0.64375 0.609375 0.64375 0.653125
0 0.6296875 0.690625 0.659375 0.690625 0.659375 0.65625 0.6296875 0.65625 0.6296875 0.690625
0 0.5421875 0.6578125 0.5703125 0.6578125 0.5703125 0.6234375 0.5421875 0.6234375 0.5421875 0.6578125
0 0.528125 0.5453125 0.55 0.5453125 0.55 0.5015625 0.528125 0.5015625 0.528125 0.5453125
0 0.5546875 0.5 0.5921875 0.5 0.5921875 0.4703125 0.5546875 0.4703125 0.5546875 0.5
0 0.5734375 0.3734375 0.596875 0.3734375 0.596875 0.33125 0.5734375 0.33125 0.5734375 0.3734375
0 0.5421875 0.35625 0.5734375 0.35625 0.5734375 0.3140625 0.5421875 0.3140625 0.5421875 0.35625
0 0.621875 0.3546875 0.64375 0.3546875 0.64375 0.3234375 0.621875 0.3234375 0.621875 0.3546875
0 0.646875 0.34375 0.6671875 0.34375 0.6671875 0.3015625 0.646875 0.3015625 0.646875 0.34375
0 0.6953125 0.3359375 0.7125 0.3359375 0.7125 0.2796875 0.6953125 0.2796875 0.6953125 0.3359375
0 0.709375 0.3671875 0.7234375 0.3671875 0.7234375 0.3359375 0.709375 0.3359375 0.709375 0.3671875
0 0.6453125 0.2796875 0.6625 0.2796875 0.6625 0.25 0.6453125 0.25 0.6453125 0.2796875
0 0.61875 0.284375 0.6453125 0.284375 0.6453125 0.25625 0.61875 0.25625 0.61875 0.284375
0 0.3890625 0.428125 0.409375 0.428125 0.409375 0.384375 0.3890625 0.384375 0.3890625 0.428125
0 0.36875 0.4578125 0.39375 0.4578125 0.39375 0.4234375 0.36875 0.4234375 0.36875 0.4578125
0 0.328125 0.490625 0.3671875 0.490625 0.3671875 0.4609375 0.328125 0.4609375 0.328125 0.490625
0 0.421875 0.50625 0.4390625 0.50625 0.4390625 0.478125 0.421875 0.478125 0.421875 0.50625
0 0.4390625 0.5390625 0.465625 0.5390625 0.465625 0.503125 0.4390625 0.503125 0.4390625 0.5390625
0 0.3578125 0.6578125 0.378125 0.6578125 0.378125 0.625 0.3578125 0.625 0.3578125 0.6578125