0 0.5109375 0.296875 0.5421875 0.296875 0.5421875 0.265625 0.5109375 0.265625 0.5109375 0.296875
0 0.621875 0.3421875 0.653125 0.3421875 0.653125 0.3140625 0.621875 0.3140625 0.621875 0.3421875
0 0.621875 0.3703125 0.6609375 0.3703125 0.6609375 0.3484375 0.621875 0.3484375 0.621875 0.3703125
0 0.5671875 0.440625 0.6265625 0.440625 0.6265625 0.4203125 0.5671875 0.4203125 0.5671875 0.440625
0 0.63125 0.4796875 0.671875 0.4796875 0.671875 0.4359375 0.63125 0.4359375 0.63125 0.4796875
0 0.5515625 0.396875 0.5828125 0.396875 0.5828125 0.375 0.5515625 0.375 0.5515625 0.396875
0 0.565625 0.359375 0.6078125 0.359375 0.6078125 0.3390625 0.565625 0.3390625 0.565625 0.359375
0 0.39375 0.3296875 0.425 0.3296875 0.425 0.2859375 0.39375 0.2859375 0.39375 0.3296875
0 0.403125 0.3640625 0.4390625 0.3640625 0.4390625 0.3390625 0.403125 0.3390625 0.403125 0.3640625
0 0.3984375 0.3953125 0.4234375 0.3953125 0.4234375 0.3671875 0.3984375 0.3671875 0.3984375 0.3953125
0 0.359375 0.4296875 0.39375 0.4296875 0.39375 0.3859375 0.359375 0.3859375 0.359375 0.4296875
0 0.321875 0.4015625 0.353125 0.4015625 0.353125 0.3703125 0.321875 0.3703125 0.321875 0.4015625
0 0.2875 0.4546875 0.3234375 0.4546875 0.3234375 0.396875 0.2875 0.396875 0.2875 0.4546875
0 0.4015625 0.4359375 0.4578125 0.4359375 0.4578125 0.4125 0.4015625 0.4125 0.4015625 0.4359375
0 0.3875 0.4671875 0.415625 0.4671875 0.415625 0.4390625 0.3875 0.4390625 0.3875 0.4671875
0 0.41875 0.4984375 0.446875 0.4984375 0.446875 0.4640625 0.41875 0.4640625 0.41875 0.4984375
0 0.4578125 0.4890625 0.4859375 0.4890625 0.4859375 0.4578125 0.4578125 0.4578125 0.4578125 0.4890625
0 0.4875 0.48125 0.5265625 0.48125 0.5265625 0.45 0.4875 0.45 0.4875 0.48125
0 0.559375 0.525 0.6171875 0.525 0.6171875 0.5 0.559375 0.5 0.559375 0.525
0 0.54375 0.553125 0.59375 0.553125 0.59375 0.53125 0.54375 0.53125 0.54375 0.553125
0 0.5671875 0.60625 0.603125 0.60625 0.603125 0.578125 0.5671875 0.578125 0.5671875 0.60625
0 0.609375 0.6578125 0.64375 0.6578125 0.64375 0.6265625 0.609375 0.6265625 0.609375 0.6578125
0 0.496875 0.65625 0.5359375 0.65625 0.5359375 0.628125 0.496875 0.628125 0.496875 0.65625
0 0.3984375 0.59375 0.4296875 0.59375 0.4296875 0.5625 0.3984375 0.5625 0.3984375 0.59375
0 0.35 0.60625 0.396875 0.60625 0.396875 0.584375 0.35 0.584375 0.35 0.60625
0 0.290625 0.584375 0.353125 0.584375 0.353125 0.55625 0.290625 0.55625 0.290625 0.584375