0 0.7109375 0.4109375 0.6890625 0.4109375 0.6890625 0.4421875 0.7109375 0.4421875 0.7109375 0.4109375
0 0.725 0.590625 0.6875 0.590625 0.6875 0.61875 0.725 0.61875 0.725 0.590625
0 0.65 0.559375 0.6296875 0.559375 0.6296875 0.60625 0.65 0.60625 0.65 0.559375
0 0.6609375 0.675 0.64375 0.675 0.64375 0.709375 0.6609375 0.709375 0.6609375 0.675
0 0.61875 0.6734375 0.6 0.6734375 0.6 0.7203125 0.61875 0.7203125 0.61875 0.6734375
0 0.4890625 0.5203125 0.4546875 0.5203125 0.4546875 0.5453125 0.4890625 0.5453125 0.4890625 0.5203125
0 0.434375 0.4375 0.4125 0.4375 0.4125 0.48125 0.434375 0.48125 0.434375 0.4375
0 0.4328125 0.6203125 0.4140625 0.6203125 0.4140625 0.65625 0.4328125 0.65625 0.4328125 0.6203125
0 0.390625 0.675 0.359375 0.675 0.359375 0.709375 0.390625 0.709375 0.390625 0.675
0 0.33125 0.715625 0.309375 0.715625 0.309375 0.76875 0.33125 0.76875 0.33125 0.715625
0 0.540625 0.234375 0.515625 0.234375 0.515625 0.278125 0.540625 0.278125 0.540625 0.234375
0 0.5 0.2765625 0.4703125 0.2765625 0.4703125 0.3078125 0.5 0.3078125 0.5 0.2765625
0 0.384375 0.30625 0.35625 0.30625 0.35625 0.334375 0.384375 0.334375 0.384375 0.30625
0 0.334375 0.225 0.3109375 0.225 0.3109375 0.271875 0.334375 0.271875 0.334375 0.225
0 0.378125 0.2109375 0.35625 0.2109375 0.35625 0.2453125 0.378125 0.2453125 0.378125 0.2109375
0 0.4390625 0.234375 0.4171875 0.234375 0.4171875 0.2625 0.4390625 0.2625 0.4390625 0.234375
0 0.6609375 0.45 0.6390625 0.45 0.6390625 0.49375 0.6609375 0.49375 0.6609375 0.45
0 0.6125 0.4546875 0.59375 0.4546875 0.59375 0.496875 0.6125 0.496875 0.6125 0.4546875