0 0.6734375 0.3671875 0.6953125 0.3671875 0.6953125 0.3234375 0.6734375 0.3234375 0.6734375 0.3671875
0 0.65 0.4515625 0.66875 0.4515625 0.66875 0.4015625 0.65 0.4015625 0.65 0.4515625
0 0.6734375 0.54375 0.6984375 0.54375 0.6984375 0.4875 0.6734375 0.4875 0.6734375 0.54375
0 0.5890625 0.5171875 0.625 0.5171875 0.625 0.4859375 0.5890625 0.4859375 0.5890625 0.5171875
0 0.6140625 0.4546875 0.6390625 0.4546875 0.6390625 0.4171875 0.6140625 0.4171875 0.6140625 0.4546875
0 0.64375 0.3875 0.66875 0.3875 0.66875 0.3625 0.64375 0.3625 0.64375 0.3875
0 0.5984375 0.3609375 0.61875 0.3609375 0.61875 0.3234375 0.5984375 0.3234375 0.5984375 0.3609375
0 0.5359375 0.353125 0.5671875 0.353125 0.5671875 0.3234375 0.5359375 0.3234375 0.5359375 0.353125
0 0.4734375 0.365625 0.4953125 0.365625 0.4953125 0.334375 0.4734375 0.334375 0.4734375 0.365625
0 0.4421875 0.425 0.4734375 0.425 0.4734375 0.3953125 0.4421875 0.3953125 0.4421875 0.425
0 0.425 0.371875 0.459375 0.371875 0.459375 0.3421875 0.425 0.3421875 0.425 0.371875
0 0.3421875 0.359375 0.36875 0.359375 0.36875 0.31875 0.3421875 0.31875 0.3421875 0.359375
0 0.634375 0.6203125 0.653125 0.6203125 0.653125 0.5671875 0.634375 0.5671875 0.634375 0.6203125
0 0.56875 0.578125 0.590625 0.578125 0.590625 0.5421875 0.56875 0.5421875 0.56875 0.578125
0 0.51875 0.584375 0.5375 0.584375 0.5375 0.5484375 0.51875 0.5484375 0.51875 0.584375
0 0.5484375 0.6078125 0.565625 0.6078125 0.565625 0.5703125 0.5484375 0.5703125 0.5484375 0.6078125
0 0.5328125 0.653125 0.5625 0.653125 0.5625 0.61875 0.5328125 0.61875 0.5328125 0.653125
0 0.409375 0.546875 0.43125 0.546875 0.43125 0.5140625 0.409375 0.5140625 0.409375 0.546875
0 0.3796875 0.5328125 0.4046875 0.5328125 0.4046875 0.4984375 0.3796875 0.4984375 0.3796875 0.5328125
0 0.3578125 0.478125 0.39375 0.478125 0.39375 0.453125 0.3578125 0.453125 0.3578125 0.478125
0 0.353125 0.5875 0.3828125 0.5875 0.3828125 0.5578125 0.353125 0.5578125 0.353125 0.5875