0 0.703125 0.2875 0.6625 0.2875 0.6625 0.30625 0.703125 0.30625 0.703125 0.2875
0 0.65625 0.3 0.621875 0.3 0.621875 0.3203125 0.65625 0.3203125 0.65625 0.3
0 0.659375 0.3234375 0.625 0.3234375 0.625 0.3484375 0.659375 0.3484375 0.659375 0.3234375
0 0.53125 0.328125 0.4875 0.328125 0.4875 0.35625 0.53125 0.35625 0.53125 0.328125
0 0.553125 0.3953125 0.51875 0.3953125 0.51875 0.4203125 0.553125 0.4203125 0.553125 0.3953125
0 0.5171875 0.3734375 0.4921875 0.3734375 0.4921875 0.4015625 0.5171875 0.4015625 0.5171875 0.3734375
0 0.4125 0.309375 0.3875 0.309375 0.3875 0.3421875 0.4125 0.3421875 0.4125 0.309375
0 0.284375 0.2875 0.253125 0.2875 0.253125 0.3125 0.284375 0.3125 0.284375 0.2875
0 0.296875 0.3625 0.2625 0.3625 0.2625 0.3859375 0.296875 0.3859375 0.296875 0.3625
0 0.434375 0.25 0.4 0.25 0.4 0.275 0.434375 0.275 0.434375 0.25
0 0.403125 0.26875 0.371875 0.26875 0.371875 0.290625 0.403125 0.290625 0.403125 0.26875
0 0.5484375 0.5140625 0.5171875 0.5140625 0.5171875 0.5375 0.5484375 0.5375 0.5484375 0.5140625
0 0.7203125 0.49375 0.6890625 0.49375 0.6890625 0.5234375 0.7203125 0.5234375 0.7203125 0.49375
0 0.6875 0.540625 0.6484375 0.540625 0.6484375 0.5734375 0.6875 0.5734375 0.6875 0.540625
0 0.675 0.58125 0.63125 0.58125 0.63125 0.603125 0.675 0.603125 0.675 0.58125
0 0.6109375 0.5796875 0.5796875 0.5796875 0.5796875 0.5984375 0.6109375 0.5984375 0.6109375 0.5796875
0 0.615625 0.6015625 0.575 0.6015625 0.575 0.6328125 0.615625 0.6328125 0.615625 0.6015625
0 0.4078125 0.646875 0.3671875 0.646875 0.3671875 0.675 0.4078125 0.675 0.4078125 0.646875
0 0.3640625 0.6421875 0.3265625 0.6421875 0.3265625 0.6625 0.3640625 0.6625 0.3640625 0.6421875
0 0.353125 0.609375 0.315625 0.609375 0.315625 0.6375 0.353125 0.6375 0.353125 0.609375
0 0.30625 0.659375 0.259375 0.659375 0.259375 0.68125 0.30625 0.68125 0.30625 0.659375