0 0.66875 0.3671875 0.696875 0.3671875 0.696875 0.3359375 0.66875 0.3359375 0.66875 0.3671875
0 0.5703125 0.325 0.6 0.325 0.6 0.3015625 0.5703125 0.3015625 0.5703125 0.325
0 0.6796875 0.6109375 0.6953125 0.6109375 0.6953125 0.559375 0.6796875 0.559375 0.6796875 0.6109375
0 0.6515625 0.5640625 0.6796875 0.5640625 0.6796875 0.521875 0.6515625 0.521875 0.6515625 0.5640625
0 0.6265625 0.5796875 0.65 0.5796875 0.65 0.54375 0.6265625 0.54375 0.6265625 0.5796875
0 0.628125 0.6375 0.6546875 0.6375 0.6546875 0.5984375 0.628125 0.5984375 0.628125 0.6375
0 0.625 0.703125 0.65 0.703125 0.65 0.6546875 0.625 0.6546875 0.625 0.703125
0 0.5484375 0.5765625 0.5671875 0.5765625 0.5671875 0.540625 0.5484375 0.540625 0.5484375 0.5765625
0 0.51875 0.7046875 0.540625 0.7046875 0.540625 0.6609375 0.51875 0.6609375 0.51875 0.7046875
0 0.4828125 0.6671875 0.5125 0.6671875 0.5125 0.634375 0.4828125 0.634375 0.4828125 0.6671875
0 0.4953125 0.515625 0.5140625 0.515625 0.5140625 0.478125 0.4953125 0.478125 0.4953125 0.515625
0 0.5953125 0.503125 0.61875 0.503125 0.61875 0.4609375 0.5953125 0.4609375 0.5953125 0.503125
0 0.590625 0.4453125 0.60625 0.4453125 0.60625 0.4078125 0.590625 0.4078125 0.590625 0.4453125
0 0.6234375 0.4546875 0.65 0.4546875 0.65 0.421875 0.6234375 0.421875 0.6234375 0.4546875
0 0.39375 0.6234375 0.421875 0.6234375 0.421875 0.5984375 0.39375 0.5984375 0.39375 0.6234375
0 0.3625 0.5796875 0.3953125 0.5796875 0.3953125 0.55625 0.3625 0.55625 0.3625 0.5796875
0 0.3953125 0.5484375 0.4171875 0.5484375 0.4171875 0.5203125 0.3953125 0.5203125 0.3953125 0.5484375
0 0.428125 0.4875 0.45 0.4875 0.45 0.4515625 0.428125 0.4515625 0.428125 0.4875
0 0.4734375 0.4328125 0.4953125 0.4328125 0.4953125 0.40625 0.4734375 0.40625 0.4734375 0.4328125
0 0.4953125 0.396875 0.528125 0.396875 0.528125 0.3734375 0.4953125 0.3734375 0.4953125 0.396875
0 0.5109375 0.4203125 0.53125 0.4203125 0.53125 0.3953125 0.5109375 0.3953125 0.5109375 0.4203125
0 0.396875 0.31875 0.4203125 0.31875 0.4203125 0.284375 0.396875 0.284375 0.396875 0.31875
0 0.390625 0.3609375 0.4171875 0.3609375 0.4171875 0.3234375 0.390625 0.3234375 0.390625 0.3609375
0 0.346875 0.440625 0.375 0.440625 0.375 0.415625 0.346875 0.415625 0.346875 0.440625