0 0.1984375 0.4140625 0.2171875 0.4140625 0.2171875 0.3609375 0.1984375 0.3609375 0.1984375 0.4140625
0 0.278125 0.428125 0.309375 0.428125 0.309375 0.38125 0.278125 0.38125 0.278125 0.428125
0 0.24375 0.525 0.2765625 0.525 0.2765625 0.503125 0.24375 0.503125 0.24375 0.525
0 0.2265625 0.5625 0.2484375 0.5625 0.2484375 0.5375 0.2265625 0.5375 0.2265625 0.5625
0 0.1734375 0.59375 0.19375 0.59375 0.19375 0.5578125 0.1734375 0.5578125 0.1734375 0.59375
0 0.1921875 0.5828125 0.2265625 0.5828125 0.2265625 0.5515625 0.1921875 0.5515625 0.1921875 0.5828125
0 0.31875 0.721875 0.3390625 0.721875 0.3390625 0.6859375 0.31875 0.6859375 0.31875 0.721875
0 0.396875 0.675 0.4265625 0.675 0.4265625 0.6390625 0.396875 0.6390625 0.396875 0.675
0 0.3671875 0.4328125 0.3859375 0.4328125 0.3859375 0.39375 0.3671875 0.39375 0.3671875 0.4328125
0 0.31875 0.4890625 0.3375 0.4890625 0.3375 0.4265625 0.31875 0.4265625 0.31875 0.4890625
0 0.3421875 0.478125 0.359375 0.478125 0.359375 0.4421875 0.3421875 0.4421875 0.3421875 0.478125
0 0.33125 0.503125 0.35625 0.503125 0.35625 0.4796875 0.33125 0.4796875 0.33125 0.503125
0 0.3109375 0.56875 0.334375 0.56875 0.334375 0.540625 0.3109375 0.540625 0.3109375 0.56875
0 0.3375 0.5890625 0.3625 0.5890625 0.3625 0.5609375 0.3375 0.5609375 0.3375 0.5890625
0 0.3515625 0.628125 0.3828125 0.628125 0.3828125 0.59375 0.3515625 0.59375 0.3515625 0.628125
0 0.3921875 0.565625 0.4265625 0.565625 0.4265625 0.5375 0.3921875 0.5375 0.3921875 0.565625
0 0.371875 0.5328125 0.4046875 0.5328125 0.4046875 0.4828125 0.371875 0.4828125 0.371875 0.5328125
0 0.5671875 0.7015625 0.5921875 0.7015625 0.5921875 0.6671875 0.5671875 0.6671875 0.5671875 0.7015625
0 0.615625 0.7 0.640625 0.7 0.640625 0.6625 0.615625 0.6625 0.615625 0.7
0 0.6515625 0.7109375 0.68125 0.7109375 0.68125 0.6828125 0.6515625 0.6828125 0.6515625 0.7109375
0 0.7 0.7 0.73125 0.7 0.73125 0.6609375 0.7 0.6609375 0.7 0.7
0 0.5359375 0.590625 0.565625 0.590625 0.565625 0.55625 0.5359375 0.55625 0.5359375 0.590625
0 0.5734375 0.55625 0.5984375 0.55625 0.5984375 0.521875 0.5734375 0.521875 0.5734375 0.55625
0 0.5359375 0.5421875 0.5640625 0.5421875 0.5640625 0.5046875 0.5359375 0.5046875 0.5359375 0.5421875
0 0.53125 0.48125 0.553125 0.48125 0.553125 0.45625 0.53125 0.45625 0.53125 0.48125
0 0.5703125 0.4875 0.5921875 0.4875 0.5921875 0.45 0.5703125 0.45 0.5703125 0.4875
0 0.515625 0.45625 0.553125 0.45625 0.553125 0.415625 0.515625 0.415625 0.515625 0.45625
0 0.584375 0.375 0.625 0.375 0.625 0.3375 0.584375 0.3375 0.584375 0.375
0 0.34375 0.5390625 0.3625 0.5390625 0.3625 0.5046875 0.34375 0.5046875 0.34375 0.5390625