0 0.275 0.265625 0.246875 0.265625 0.246875 0.2875 0.275 0.2875 0.275 0.265625
0 0.425 0.2859375 0.3875 0.2859375 0.3875 0.31875 0.425 0.31875 0.425 0.2859375
0 0.303125 0.325 0.278125 0.325 0.278125 0.359375 0.303125 0.359375 0.303125 0.325
0 0.2984375 0.3 0.2609375 0.3 0.2609375 0.321875 0.2984375 0.321875 0.2984375 0.3
0 0.3 0.40625 0.26875 0.40625 0.26875 0.44375 0.3 0.44375 0.3 0.40625
0 0.2859375 0.4671875 0.25 0.4671875 0.25 0.5015625 0.2859375 0.5015625 0.2859375 0.4671875
0 0.3296875 0.5875 0.2921875 0.5875 0.2921875 0.6125 0.3296875 0.6125 0.3296875 0.5875
0 0.3921875 0.5984375 0.3578125 0.5984375 0.3578125 0.6328125 0.3921875 0.6328125 0.3921875 0.5984375
0 0.4875 0.553125 0.446875 0.553125 0.446875 0.578125 0.4875 0.578125 0.4875 0.553125
0 0.4953125 0.3171875 0.4671875 0.3171875 0.4671875 0.3484375 0.4953125 0.3484375 0.4953125 0.3171875
0 0.5 0.3828125 0.45625 0.3828125 0.45625 0.4109375 0.5 0.4109375 0.5 0.3828125
0 0.4625 0.4578125 0.403125 0.4578125 0.403125 0.4765625 0.4625 0.4765625 0.4625 0.4578125
0 0.3921875 0.4609375 0.3609375 0.4609375 0.3609375 0.4984375 0.3921875 0.4984375 0.3921875 0.4609375
0 0.728125 0.503125 0.70625 0.503125 0.70625 0.528125 0.728125 0.528125 0.728125 0.503125
0 0.6765625 0.575 0.6453125 0.575 0.6453125 0.5953125 0.6765625 0.5953125 0.6765625 0.575
0 0.6171875 0.5484375 0.5921875 0.5484375 0.5921875 0.56875 0.6171875 0.56875 0.6171875 0.5484375
0 0.6234375 0.5875 0.5953125 0.5875 0.5953125 0.6125 0.6234375 0.6125 0.6234375 0.5875
0 0.6609375 0.4453125 0.6203125 0.4453125 0.6203125 0.465625 0.6609375 0.465625 0.6609375 0.4453125
0 0.6109375 0.45625 0.56875 0.45625 0.56875 0.46875 0.6109375 0.46875 0.6109375 0.45625
0 0.609375 0.4109375 0.575 0.4109375 0.575 0.4359375 0.609375 0.4359375 0.609375 0.4109375
0 0.63125 0.3796875 0.5953125 0.3796875 0.5953125 0.3984375 0.63125 0.3984375 0.63125 0.3796875
0 0.5328125 0.45 0.5015625 0.45 0.5015625 0.465625 0.5328125 0.465625 0.5328125 0.45
0 0.5296875 0.475 0.5015625 0.475 0.5015625 0.503125 0.5296875 0.503125 0.5296875 0.475
0 0.5421875 0.5046875 0.5140625 0.5046875 0.5140625 0.528125 0.5421875 0.528125 0.5421875 0.5046875
0 0.5734375 0.4703125 0.5484375 0.4703125 0.5484375 0.4984375 0.5734375 0.4984375 0.5734375 0.4703125
0 0.5796875 0.503125 0.5484375 0.503125 0.5484375 0.534375 0.5796875 0.534375 0.5796875 0.503125