0 0.73125 0.171875 0.69375 0.171875 0.69375 0.1921875 0.73125 0.1921875 0.73125 0.171875
0 0.6921875 0.175 0.6515625 0.175 0.6515625 0.1953125 0.6921875 0.1953125 0.6921875 0.175
0 0.665625 0.2015625 0.63125 0.2015625 0.63125 0.221875 0.665625 0.221875 0.665625 0.2015625
0 0.653125 0.3125 0.609375 0.3125 0.609375 0.3546875 0.653125 0.3546875 0.653125 0.3125
0 0.60625 0.3984375 0.553125 0.3984375 0.553125 0.4265625 0.60625 0.4265625 0.60625 0.3984375
0 0.5796875 0.5046875 0.5515625 0.5046875 0.5515625 0.5296875 0.5796875 0.5296875 0.5796875 0.5046875
0 0.6828125 0.6578125 0.6578125 0.6578125 0.6578125 0.6828125 0.6828125 0.6828125 0.6828125 0.6578125
0 0.4546875 0.3359375 0.4109375 0.3359375 0.4109375 0.35625 0.4546875 0.35625 0.4546875 0.3359375
0 0.490625 0.4578125 0.459375 0.4578125 0.459375 0.475 0.490625 0.475 0.490625 0.4578125
0 0.3609375 0.4078125 0.3328125 0.4078125 0.3328125 0.4234375 0.3609375 0.4234375 0.3609375 0.4078125
0 0.3671875 0.3765625 0.3296875 0.3765625 0.3296875 0.4 0.3671875 0.4 0.3671875 0.3765625
0 0.475 0.48125 0.4375 0.48125 0.4375 0.5125 0.475 0.5125 0.475 0.48125
0 0.425 0.528125 0.375 0.528125 0.375 0.55625 0.425 0.55625 0.425 0.528125
0 0.40625 0.590625 0.378125 0.590625 0.378125 0.6140625 0.40625 0.6140625 0.40625 0.590625
0 0.3609375 0.609375 0.3296875 0.609375 0.3296875 0.625 0.3609375 0.625 0.3609375 0.609375
0 0.4109375 0.6640625 0.375 0.6640625 0.375 0.69375 0.4109375 0.69375 0.4109375 0.6640625