0 0.6546875 0.575 0.675 0.575 0.675 0.54375 0.6546875 0.54375 0.6546875 0.575
0 0.6546875 0.5328125 0.684375 0.5328125 0.684375 0.4890625 0.6546875 0.4890625 0.6546875 0.5328125
0 0.634375 0.4828125 0.6625 0.4828125 0.6625 0.45 0.634375 0.45 0.634375 0.4828125
0 0.5328125 0.421875 0.5640625 0.421875 0.5640625 0.3953125 0.5328125 0.3953125 0.5328125 0.421875
0 0.5484375 0.3625 0.590625 0.3625 0.590625 0.3265625 0.5484375 0.3265625 0.5484375 0.3625
0 0.4671875 0.3875 0.5078125 0.3875 0.5078125 0.3515625 0.4671875 0.3515625 0.4671875 0.3875
0 0.4171875 0.378125 0.4609375 0.378125 0.4609375 0.34375 0.4171875 0.34375 0.4171875 0.378125
0 0.5421875 0.53125 0.5703125 0.53125 0.5703125 0.496875 0.5421875 0.496875 0.5421875 0.53125
0 0.521875 0.63125 0.5453125 0.63125 0.5453125 0.5921875 0.521875 0.5921875 0.521875 0.63125
0 0.50625 0.5375 0.5296875 0.5375 0.5296875 0.503125 0.50625 0.503125 0.50625 0.5375
0 0.390625 0.5109375 0.4328125 0.5109375 0.4328125 0.484375 0.390625 0.484375 0.390625 0.5109375
0 0.4625 0.58125 0.478125 0.58125 0.478125 0.5546875 0.4625 0.5546875 0.4625 0.58125
0 0.44375 0.61875 0.4671875 0.61875 0.4671875 0.584375 0.44375 0.584375 0.44375 0.61875
0 0.4265625 0.6296875 0.4453125 0.6296875 0.4453125 0.609375 0.4265625 0.609375 0.4265625 0.6296875
0 0.378125 0.6375 0.409375 0.6375 0.409375 0.603125 0.378125 0.603125 0.378125 0.6375