0 0.4515625 0.296875 0.4171875 0.296875 0.4171875 0.325 0.4515625 0.325 0.4515625 0.296875
0 0.3578125 0.340625 0.3328125 0.340625 0.3328125 0.371875 0.3578125 0.371875 0.3578125 0.340625
0 0.425 0.4484375 0.378125 0.4484375 0.378125 0.46875 0.425 0.46875 0.425 0.4484375
0 0.4703125 0.4984375 0.4359375 0.4984375 0.4359375 0.51875 0.4703125 0.51875 0.4703125 0.4984375
0 0.4546875 0.5390625 0.4203125 0.5390625 0.4203125 0.5578125 0.4546875 0.5578125 0.4546875 0.5390625
0 0.371875 0.55625 0.3328125 0.55625 0.3328125 0.575 0.371875 0.575 0.371875 0.55625
0 0.4078125 0.684375 0.3640625 0.684375 0.3640625 0.7046875 0.4078125 0.7046875 0.4078125 0.684375
0 0.4609375 0.6953125 0.4234375 0.6953125 0.4234375 0.7234375 0.4609375 0.7234375 0.4609375 0.6953125
0 0.5390625 0.6328125 0.5140625 0.6328125 0.5140625 0.6859375 0.5390625 0.6859375 0.5390625 0.6328125
0 0.7046875 0.69375 0.6609375 0.69375 0.6609375 0.7171875 0.7046875 0.7171875 0.7046875 0.69375
0 0.6640625 0.6453125 0.6328125 0.6453125 0.6328125 0.66875 0.6640625 0.66875 0.6640625 0.6453125
0 0.6875 0.5859375 0.6515625 0.5859375 0.6515625 0.6140625 0.6875 0.6140625 0.6875 0.5859375
0 0.6578125 0.5234375 0.6265625 0.5234375 0.6265625 0.5484375 0.6578125 0.5484375 0.6578125 0.5234375