0 0.6265625 0.31875 0.6625 0.31875 0.6625 0.29375 0.6265625 0.29375 0.6265625 0.31875
0 0.653125 0.5265625 0.68125 0.5265625 0.68125 0.4890625 0.653125 0.4890625 0.653125 0.5265625
0 0.68125 0.58125 0.6984375 0.58125 0.6984375 0.55625 0.68125 0.55625 0.68125 0.58125
0 0.69375 0.628125 0.7171875 0.628125 0.7171875 0.5984375 0.69375 0.5984375 0.69375 0.628125
0 0.6921875 0.6671875 0.7171875 0.6671875 0.7171875 0.6296875 0.6921875 0.6296875 0.6921875 0.6671875
0 0.6515625 0.675 0.678125 0.675 0.678125 0.64375 0.6515625 0.64375 0.6515625 0.675
0 0.58125 0.5546875 0.6046875 0.5546875 0.6046875 0.5203125 0.58125 0.5203125 0.58125 0.5546875
0 0.55625 0.5640625 0.578125 0.5640625 0.578125 0.5390625 0.55625 0.5390625 0.55625 0.5640625
0 0.540625 0.3640625 0.5609375 0.3640625 0.5609375 0.325 0.540625 0.325 0.540625 0.3640625
0 0.4875 0.44375 0.5078125 0.44375 0.5078125 0.3859375 0.4875 0.3859375 0.4875 0.44375
0 0.459375 0.5359375 0.4859375 0.5359375 0.4859375 0.4921875 0.459375 0.4921875 0.459375 0.5359375
0 0.415625 0.35625 0.4375 0.35625 0.4375 0.30625 0.415625 0.30625 0.415625 0.35625
0 0.3484375 0.4265625 0.384375 0.4265625 0.384375 0.403125 0.3484375 0.403125 0.3484375 0.4265625
0 0.3296875 0.5203125 0.359375 0.5203125 0.359375 0.4875 0.3296875 0.4875 0.3296875 0.5203125
0 0.3421875 0.6203125 0.3640625 0.6203125 0.3640625 0.5828125 0.3421875 0.5828125 0.3421875 0.6203125