0 0.703125 0.3828125 0.675 0.3828125 0.675 0.4171875 0.703125 0.4171875 0.703125 0.3828125
0 0.659375 0.3921875 0.625 0.3921875 0.625 0.4203125 0.659375 0.4203125 0.659375 0.3921875
0 0.5765625 0.403125 0.5359375 0.403125 0.5359375 0.425 0.5765625 0.425 0.5765625 0.403125
0 0.4859375 0.3953125 0.4546875 0.3953125 0.4546875 0.4296875 0.4859375 0.4296875 0.4859375 0.3953125
0 0.45625 0.4203125 0.409375 0.4203125 0.409375 0.45 0.45625 0.45 0.45625 0.4203125
0 0.5453125 0.490625 0.509375 0.490625 0.509375 0.515625 0.5453125 0.515625 0.5453125 0.490625
0 0.6453125 0.5015625 0.6046875 0.5015625 0.6046875 0.5234375 0.6453125 0.5234375 0.6453125 0.5015625
0 0.60625 0.55 0.5640625 0.55 0.5640625 0.5671875 0.60625 0.5671875 0.60625 0.55
0 0.6484375 0.58125 0.6109375 0.58125 0.6109375 0.6109375 0.6484375 0.6109375 0.6484375 0.58125
0 0.5859375 0.628125 0.546875 0.628125 0.546875 0.65625 0.5859375 0.65625 0.5859375 0.628125
0 0.5359375 0.6484375 0.5 0.6484375 0.5 0.6703125 0.5359375 0.6703125 0.5359375 0.6484375
0 0.534375 0.6203125 0.5 0.6203125 0.5 0.6453125 0.534375 0.6453125 0.534375 0.6203125
0 0.5265625 0.5953125 0.4890625 0.5953125 0.4890625 0.6171875 0.5265625 0.6171875 0.5265625 0.5953125
0 0.315625 0.6625 0.290625 0.6625 0.290625 0.690625 0.315625 0.690625 0.315625 0.6625
0 0.26875 0.63125 0.2328125 0.63125 0.2328125 0.65625 0.26875 0.65625 0.26875 0.63125
0 0.4 0.6 0.371875 0.6 0.371875 0.6359375 0.4 0.6359375 0.4 0.6
0 0.4171875 0.5125 0.39375 0.5125 0.39375 0.534375 0.4171875 0.534375 0.4171875 0.5125
0 0.384375 0.5296875 0.35625 0.5296875 0.35625 0.553125 0.384375 0.553125 0.384375 0.5296875
0 0.328125 0.496875 0.271875 0.496875 0.271875 0.5296875 0.328125 0.5296875 0.328125 0.496875
0 0.384835128125 0.5752795578125001 0.3655778203125 0.5488695390625 0.3492505203125 0.5607748625 0.368507828125 0.5871848828124999 0.384835128125 0.5752795578125001
0 0.36921296406250004 0.5997732421874999 0.36337375625 0.5707917203124999 0.34581181875 0.5743301062499999 0.351651025 0.6033116281249999 0.36921296406250004 0.5997732421874999