0 0.3625 0.5484375 0.3375 0.5484375 0.3375 0.5953125 0.3625 0.5953125 0.3625 0.5484375
0 0.4015625 0.578125 0.3734375 0.578125 0.3734375 0.625 0.4015625 0.625 0.4015625 0.578125
0 0.4515625 0.6546875 0.4265625 0.6546875 0.4265625 0.6828125 0.4515625 0.6828125 0.4515625 0.6546875
0 0.465625 0.6890625 0.4453125 0.6890625 0.4453125 0.7265625 0.465625 0.7265625 0.465625 0.6890625
0 0.49375 0.6484375 0.465625 0.6484375 0.465625 0.6734375 0.49375 0.6734375 0.49375 0.6484375
0 0.5140625 0.684375 0.4859375 0.684375 0.4859375 0.721875 0.5140625 0.721875 0.5140625 0.684375
0 0.525 0.565625 0.5 0.565625 0.5 0.621875 0.525 0.621875 0.525 0.565625
0 0.3171875 0.3453125 0.2890625 0.3453125 0.2890625 0.3703125 0.3171875 0.3703125 0.3171875 0.3453125
0 0.31875 0.303125 0.296875 0.303125 0.296875 0.328125 0.31875 0.328125 0.31875 0.303125
0 0.3640625 0.3 0.3328125 0.3 0.3328125 0.3375 0.3640625 0.3375 0.3640625 0.3
0 0.453125 0.340625 0.428125 0.340625 0.428125 0.371875 0.453125 0.371875 0.453125 0.340625
0 0.4640625 0.3828125 0.4421875 0.3828125 0.4421875 0.4140625 0.4640625 0.4140625 0.4640625 0.3828125
0 0.490625 0.41875 0.4671875 0.41875 0.4671875 0.45 0.490625 0.45 0.490625 0.41875
0 0.496875 0.3046875 0.478125 0.3046875 0.478125 0.3484375 0.496875 0.3484375 0.496875 0.3046875
0 0.5359375 0.3171875 0.5203125 0.3171875 0.5203125 0.3453125 0.5359375 0.3453125 0.5359375 0.3171875
0 0.55 0.4484375 0.5125 0.4484375 0.5125 0.4796875 0.55 0.4796875 0.55 0.4484375
0 0.609375 0.5046875 0.5875 0.5046875 0.5875 0.5453125 0.609375 0.5453125 0.609375 0.5046875
0 0.5890625 0.453125 0.5703125 0.453125 0.5703125 0.4875 0.5890625 0.4875 0.5890625 0.453125
0 0.615625 0.4234375 0.5875 0.4234375 0.5875 0.4671875 0.615625 0.4671875 0.615625 0.4234375
0 0.5125 0.5046875 0.475 0.5046875 0.475 0.5390625 0.5125 0.5390625 0.5125 0.5046875
0 0.575 0.325 0.55 0.325 0.55 0.3375 0.575 0.3375 0.575 0.325
0 0.5890625 0.3046875 0.5671875 0.3046875 0.5671875 0.328125 0.5890625 0.328125 0.5890625 0.3046875
0 0.6171875 0.31875 0.59375 0.31875 0.59375 0.340625 0.6171875 0.340625 0.6171875 0.31875
0 0.61875 0.3546875 0.59375 0.3546875 0.59375 0.378125 0.61875 0.378125 0.61875 0.3546875
0 0.5890625 0.3390625 0.5703125 0.3390625 0.5703125 0.3703125 0.5890625 0.3703125 0.5890625 0.3390625
0 0.6515625 0.3359375 0.6203125 0.3359375 0.6203125 0.3609375 0.6515625 0.3609375 0.6515625 0.3359375