0 0.5203125 0.7421875 0.5515625 0.7421875 0.5515625 0.7203125 0.5203125 0.7203125 0.5203125 0.7421875
0 0.3375 0.7453125 0.38125 0.7453125 0.38125 0.7109375 0.3375 0.7109375 0.3375 0.7453125
0 0.471875 0.70625 0.5078125 0.70625 0.5078125 0.66875 0.471875 0.66875 0.471875 0.70625
0 0.5296875 0.703125 0.5765625 0.703125 0.5765625 0.684375 0.5296875 0.684375 0.5296875 0.703125
0 0.465625 0.659375 0.5078125 0.659375 0.5078125 0.6375 0.465625 0.6375 0.465625 0.659375
0 0.434375 0.6078125 0.46875 0.6078125 0.46875 0.5828125 0.434375 0.5828125 0.434375 0.6078125
0 0.371875 0.6015625 0.403125 0.6015625 0.403125 0.5671875 0.371875 0.5671875 0.371875 0.6015625
0 0.3453125 0.45625 0.3921875 0.45625 0.3921875 0.428125 0.3453125 0.428125 0.3453125 0.45625
0 0.478125 0.525 0.509375 0.525 0.509375 0.49375 0.478125 0.49375 0.478125 0.525
0 0.5703125 0.6375 0.6140625 0.6375 0.6140625 0.59375 0.5703125 0.59375 0.5703125 0.6375
0 0.640625 0.596875 0.703125 0.596875 0.703125 0.55625 0.640625 0.55625 0.640625 0.596875
0 0.690625 0.4875 0.71875 0.4875 0.71875 0.4546875 0.690625 0.4546875 0.690625 0.4875
0 0.6015625 0.3953125 0.640625 0.3953125 0.640625 0.3671875 0.6015625 0.3671875 0.6015625 0.3953125
0 0.5375 0.4359375 0.571875 0.4359375 0.571875 0.4078125 0.5375 0.4078125 0.5375 0.4359375
0 0.4640625 0.4328125 0.5109375 0.4328125 0.5109375 0.4046875 0.4640625 0.4046875 0.4640625 0.4328125