0 0.359375 0.609375 0.3171875 0.609375 0.3171875 0.6375 0.359375 0.6375 0.359375 0.609375
0 0.3875 0.546875 0.353125 0.546875 0.353125 0.578125 0.3875 0.578125 0.3875 0.546875
0 0.4265625 0.615625 0.384375 0.615625 0.384375 0.63125 0.4265625 0.63125 0.4265625 0.615625
0 0.4875 0.509375 0.459375 0.509375 0.459375 0.546875 0.4875 0.546875 0.4875 0.509375
0 0.4546875 0.425 0.4125 0.425 0.4125 0.45 0.4546875 0.45 0.4546875 0.425
0 0.3171574109375 0.4196504421875 0.3069180359375 0.40832668749999995 0.2740464796875 0.4380504171875 0.2842858546875 0.4493741703125 0.3171574109375 0.4196504421875
0 0.33987635625 0.4501280171875 0.3376680515625 0.43322068125 0.2976591359375 0.438446334375 0.29986744062500004 0.4553536703125 0.33987635625 0.4501280171875
0 0.6796875 0.3734375 0.64375 0.3734375 0.64375 0.3921875 0.6796875 0.3921875 0.6796875 0.3734375
0 0.6609375 0.425 0.6328125 0.425 0.6328125 0.440625 0.6609375 0.440625 0.6609375 0.425
0 0.571875 0.3875 0.54375 0.3875 0.54375 0.4171875 0.571875 0.4171875 0.571875 0.3875
0 0.5546875 0.4265625 0.5140625 0.4265625 0.5140625 0.4515625 0.5546875 0.4515625 0.5546875 0.4265625
0 0.6125 0.4515625 0.56875 0.4515625 0.56875 0.4703125 0.6125 0.4703125 0.6125 0.4515625
0 0.3953125 0.3953125 0.3609375 0.3953125 0.3609375 0.4140625 0.3953125 0.4140625 0.3953125 0.3953125
0 0.378125 0.340625 0.340625 0.340625 0.340625 0.359375 0.378125 0.359375 0.378125 0.340625
0 0.390625 0.3625 0.3625 0.3625 0.3625 0.3828125 0.390625 0.3828125 0.390625 0.3625
0 0.421875 0.3484375 0.3875 0.3484375 0.3875 0.365625 0.421875 0.365625 0.421875 0.3484375
0 0.4265625 0.3640625 0.3890625 0.3640625 0.3890625 0.3890625 0.4265625 0.3890625 0.4265625 0.3640625