0 0.2890625 0.7421875 0.325 0.7421875 0.325 0.7203125 0.2890625 0.7203125 0.2890625 0.7421875
0 0.2765625 0.6953125 0.3109375 0.6953125 0.3109375 0.6609375 0.2765625 0.6609375 0.2765625 0.6953125
0 0.3765625 0.64375 0.4390625 0.64375 0.4390625 0.628125 0.3765625 0.628125 0.3765625 0.64375
0 0.3328125 0.58125 0.3734375 0.58125 0.3734375 0.5390625 0.3328125 0.5390625 0.3328125 0.58125
0 0.371875 0.49375 0.425 0.49375 0.425 0.4703125 0.371875 0.4703125 0.371875 0.49375
0 0.4546875 0.4734375 0.4890625 0.4734375 0.4890625 0.43125 0.4546875 0.43125 0.4546875 0.4734375
0 0.4515625 0.6125 0.4921875 0.6125 0.4921875 0.596875 0.4515625 0.596875 0.4515625 0.6125
0 0.515625 0.7046875 0.5578125 0.7046875 0.5578125 0.6640625 0.515625 0.6640625 0.515625 0.7046875
0 0.5140625 0.64375 0.5671875 0.64375 0.5671875 0.625 0.5140625 0.625 0.5140625 0.64375
0 0.58125 0.75 0.625 0.75 0.625 0.725 0.58125 0.725 0.58125 0.75
0 0.6765625 0.7421875 0.7140625 0.7421875 0.7140625 0.709375 0.6765625 0.709375 0.6765625 0.7421875
0 0.68125 0.6984375 0.73125 0.6984375 0.73125 0.675 0.68125 0.675 0.68125 0.6984375
0 0.73125 0.484375 0.765625 0.484375 0.765625 0.459375 0.73125 0.459375 0.73125 0.484375
0 0.7035471828125 0.5186523390625 0.7150800921875 0.5352590515625 0.7598325265625 0.5041797046875 0.7482996156249999 0.4875729921875 0.7035471828125 0.5186523390625
0 0.7328125 0.546875 0.7546875 0.546875 0.7546875 0.5234375 0.7328125 0.5234375 0.7328125 0.546875