0 0.38125 0.7234375 0.3375 0.7234375 0.3375 0.7515625 0.38125 0.7515625 0.38125 0.7234375
0 0.3859375 0.5375 0.3390625 0.5375 0.3390625 0.5671875 0.3859375 0.5671875 0.3859375 0.5375
0 0.45625 0.50625 0.4203125 0.50625 0.4203125 0.546875 0.45625 0.546875 0.45625 0.50625
0 0.5453125 0.6265625 0.5140625 0.6265625 0.5140625 0.6640625 0.5453125 0.6640625 0.5453125 0.6265625
0 0.5953125 0.6359375 0.5578125 0.6359375 0.5578125 0.65625 0.5953125 0.65625 0.5953125 0.6359375
0 0.615625 0.6984375 0.590625 0.6984375 0.590625 0.7390625 0.615625 0.7390625 0.615625 0.6984375
0 0.6875 0.7484375 0.634375 0.7484375 0.634375 0.7703125 0.6875 0.7703125 0.6875 0.7484375
0 0.70625 0.696875 0.6828125 0.696875 0.6828125 0.7265625 0.70625 0.7265625 0.70625 0.696875
0 0.6828125 0.6734375 0.6671875 0.6734375 0.6671875 0.696875 0.6828125 0.696875 0.6828125 0.6734375
0 0.65 0.659375 0.6109375 0.659375 0.6109375 0.6828125 0.65 0.6828125 0.65 0.659375
0 0.5796875 0.5734375 0.5328125 0.5734375 0.5328125 0.5953125 0.5796875 0.5953125 0.5796875 0.5734375
0 0.634375 0.55 0.584375 0.55 0.584375 0.584375 0.634375 0.584375 0.634375 0.55
0 0.6984375 0.5046875 0.6640625 0.5046875 0.6640625 0.5296875 0.6984375 0.5296875 0.6984375 0.5046875
0 0.6796875 0.428125 0.6453125 0.428125 0.6453125 0.4484375 0.6796875 0.4484375 0.6796875 0.428125
0 0.684375 0.3890625 0.653125 0.3890625 0.653125 0.421875 0.684375 0.421875 0.684375 0.3890625
0 0.5546875 0.446875 0.51875 0.446875 0.51875 0.4765625 0.5546875 0.4765625 0.5546875 0.446875
0 0.4359375 0.3140625 0.3984375 0.3140625 0.3984375 0.3390625 0.4359375 0.3390625 0.4359375 0.3140625