0 0.3390625 0.6953125 0.2984375 0.6953125 0.2984375 0.7140625 0.3390625 0.7140625 0.3390625 0.6953125
0 0.378125 0.68125 0.34375 0.68125 0.34375 0.7015625 0.378125 0.7015625 0.378125 0.68125
0 0.3765625 0.6515625 0.3421875 0.6515625 0.3421875 0.6765625 0.3765625 0.6765625 0.3765625 0.6515625
0 0.5125 0.6453125 0.46875 0.6453125 0.46875 0.6734375 0.5125 0.6734375 0.5125 0.6453125
0 0.48125 0.58125 0.446875 0.58125 0.446875 0.60625 0.48125 0.60625 0.48125 0.58125
0 0.509375 0.6 0.484375 0.6 0.484375 0.628125 0.509375 0.628125 0.509375 0.6
0 0.6140625 0.659375 0.5890625 0.659375 0.5890625 0.6921875 0.6140625 0.6921875 0.6140625 0.659375
0 0.746875 0.6875 0.715625 0.6875 0.715625 0.7125 0.746875 0.7125 0.746875 0.6875
0 0.7390625 0.615625 0.7046875 0.615625 0.7046875 0.6390625 0.7390625 0.6390625 0.7390625 0.615625
0 0.6 0.725 0.565625 0.725 0.565625 0.75 0.6 0.75 0.6 0.725
0 0.6296875 0.709375 0.5984375 0.709375 0.5984375 0.73125 0.6296875 0.73125 0.6296875 0.709375
0 0.4828125 0.4625 0.4515625 0.4625 0.4515625 0.4859375 0.4828125 0.4859375 0.4828125 0.4625
0 0.3109375 0.478125 0.2796875 0.478125 0.2796875 0.5078125 0.3109375 0.5078125 0.3109375 0.478125
0 0.3515625 0.428125 0.3125 0.428125 0.3125 0.4609375 0.3515625 0.4609375 0.3515625 0.428125
0 0.3703125 0.396875 0.3265625 0.396875 0.3265625 0.41875 0.3703125 0.41875 0.3703125 0.396875
0 0.421875 0.4015625 0.390625 0.4015625 0.390625 0.4203125 0.421875 0.4203125 0.421875 0.4015625
0 0.4265625 0.36875 0.3859375 0.36875 0.3859375 0.4 0.4265625 0.4 0.4265625 0.36875
0 0.634375 0.3265625 0.59375 0.3265625 0.59375 0.3546875 0.634375 0.3546875 0.634375 0.3265625
0 0.675 0.3390625 0.6375 0.3390625 0.6375 0.359375 0.675 0.359375 0.675 0.3390625
0 0.684375 0.3640625 0.646875 0.3640625 0.646875 0.3921875 0.684375 0.3921875 0.684375 0.3640625
0 0.7421875 0.31875 0.6953125 0.31875 0.6953125 0.340625 0.7421875 0.340625 0.7421875 0.31875