0 0.709375 0.5609375 0.6796875 0.5609375 0.6796875 0.596875 0.709375 0.596875 0.709375 0.5609375
0 0.64375 0.54375 0.615625 0.54375 0.615625 0.578125 0.64375 0.578125 0.64375 0.54375
0 0.659375 0.43125 0.634375 0.43125 0.634375 0.4703125 0.659375 0.4703125 0.659375 0.43125
0 0.6453125 0.621875 0.6140625 0.621875 0.6140625 0.65625 0.6453125 0.65625 0.6453125 0.621875
0 0.6578125 0.6625 0.6171875 0.6625 0.6171875 0.6984375 0.6578125 0.6984375 0.6578125 0.6625
0 0.55625 0.69375 0.528125 0.69375 0.528125 0.725 0.55625 0.725 0.55625 0.69375
0 0.50625 0.696875 0.4828125 0.696875 0.4828125 0.7203125 0.50625 0.7203125 0.50625 0.696875
0 0.4390625 0.6203125 0.41875 0.6203125 0.41875 0.6546875 0.4390625 0.6546875 0.4390625 0.6203125
0 0.4359375 0.55625 0.4078125 0.55625 0.4078125 0.590625 0.4359375 0.590625 0.4359375 0.55625
0 0.45 0.4953125 0.434375 0.4953125 0.434375 0.5296875 0.45 0.5296875 0.45 0.4953125
0 0.4703125 0.4265625 0.4546875 0.4265625 0.4546875 0.4796875 0.4703125 0.4796875 0.4703125 0.4265625
0 0.5078125 0.471875 0.490625 0.471875 0.490625 0.503125 0.5078125 0.503125 0.5078125 0.471875
0 0.5296875 0.484375 0.5078125 0.484375 0.5078125 0.5265625 0.5296875 0.5265625 0.5296875 0.484375
0 0.40625 0.378125 0.384375 0.378125 0.384375 0.41875 0.40625 0.41875 0.40625 0.378125
0 0.3859375 0.446875 0.3609375 0.446875 0.3609375 0.475 0.3859375 0.475 0.3859375 0.446875
0 0.3421875 0.68125 0.3203125 0.68125 0.3203125 0.721875 0.3421875 0.721875 0.3421875 0.68125
0 0.3609375 0.5671875 0.3453125 0.5671875 0.3453125 0.6078125 0.3609375 0.6078125 0.3609375 0.5671875
0 0.3625 0.5203125 0.34375 0.5203125 0.34375 0.5453125 0.3625 0.5453125 0.3625 0.5203125
0 0.35625 0.4234375 0.328125 0.4234375 0.328125 0.4609375 0.35625 0.4609375 0.35625 0.4234375