0 0.3359375 0.621875 0.2828125 0.621875 0.2828125 0.65 0.3359375 0.65 0.3359375 0.621875
0 0.534375 0.6046875 0.5 0.6046875 0.5 0.640625 0.534375 0.640625 0.534375 0.6046875
0 0.5765625 0.63125 0.5484375 0.63125 0.5484375 0.66875 0.5765625 0.66875 0.5765625 0.63125
0 0.6265625 0.5609375 0.5953125 0.5609375 0.5953125 0.5859375 0.6265625 0.5859375 0.6265625 0.5609375
0 0.596875 0.5625 0.559375 0.5625 0.559375 0.5859375 0.596875 0.5859375 0.596875 0.5625
0 0.425 0.58125 0.396875 0.58125 0.396875 0.5984375 0.425 0.5984375 0.425 0.58125
0 0.4828125 0.5625 0.4484375 0.5625 0.4484375 0.59375 0.4828125 0.59375 0.4828125 0.5625
0 0.478125 0.525 0.41875 0.525 0.41875 0.55 0.478125 0.55 0.478125 0.525
0 0.3375 0.5546875 0.2984375 0.5546875 0.2984375 0.5703125 0.3375 0.5703125 0.3375 0.5546875
0 0.4109375 0.51875 0.3828125 0.51875 0.3828125 0.540625 0.4109375 0.540625 0.4109375 0.51875
0 0.40625 0.4609375 0.38125 0.4609375 0.38125 0.4890625 0.40625 0.4890625 0.40625 0.4609375
0 0.378125 0.4984375 0.346875 0.4984375 0.346875 0.528125 0.378125 0.528125 0.378125 0.4984375
0 0.3234375 0.425 0.2921875 0.425 0.2921875 0.4484375 0.3234375 0.4484375 0.3234375 0.425
0 0.4390625 0.3578125 0.4109375 0.3578125 0.4109375 0.3828125 0.4390625 0.3828125 0.4390625 0.3578125
0 0.5609375 0.3875 0.5296875 0.3875 0.5296875 0.4203125 0.5609375 0.4203125 0.5609375 0.3875
0 0.5671875 0.44375 0.5328125 0.44375 0.5328125 0.48125 0.5671875 0.48125 0.5671875 0.44375
0 0.70625 0.43125 0.6640625 0.43125 0.6640625 0.471875 0.70625 0.471875 0.70625 0.43125
0 0.696875 0.36875 0.6546875 0.36875 0.6546875 0.403125 0.696875 0.403125 0.696875 0.36875
0 0.715625 0.309375 0.671875 0.309375 0.671875 0.33125 0.715625 0.33125 0.715625 0.309375
0 0.6515625 0.3203125 0.615625 0.3203125 0.615625 0.3390625 0.6515625 0.3390625 0.6515625 0.3203125
0 0.621875 0.3359375 0.5875 0.3359375 0.5875 0.35625 0.621875 0.35625 0.621875 0.3359375
0 0.5796875 0.3046875 0.5484375 0.3046875 0.5484375 0.3296875 0.5796875 0.3296875 0.5796875 0.3046875
0 0.54375 0.3015625 0.496875 0.3015625 0.496875 0.3234375 0.54375 0.3234375 0.54375 0.3015625
0 0.490625 0.3078125 0.4515625 0.3078125 0.4515625 0.3359375 0.490625 0.3359375 0.490625 0.3078125