0 0.7140625 0.359375 0.690625 0.359375 0.690625 0.415625 0.7140625 0.415625 0.7140625 0.359375
0 0.59375 0.3375 0.565625 0.3375 0.565625 0.371875 0.59375 0.371875 0.59375 0.3375
0 0.6078125 0.4125 0.5828125 0.4125 0.5828125 0.4421875 0.6078125 0.4421875 0.6078125 0.4125
0 0.5890625 0.496875 0.5625 0.496875 0.5625 0.534375 0.5890625 0.534375 0.5890625 0.496875
0 0.5578125 0.5234375 0.5328125 0.5234375 0.5328125 0.58125 0.5578125 0.58125 0.5578125 0.5234375
0 0.5609375 0.63125 0.53125 0.63125 0.53125 0.665625 0.5609375 0.665625 0.5609375 0.63125
0 0.6046875 0.6109375 0.5828125 0.6109375 0.5828125 0.6515625 0.6046875 0.6515625 0.6046875 0.6109375
0 0.6578125 0.5875 0.6359375 0.5875 0.6359375 0.615625 0.6578125 0.615625 0.6578125 0.5875
0 0.6890625 0.55625 0.6515625 0.55625 0.6515625 0.5890625 0.6890625 0.5890625 0.6890625 0.55625
0 0.6640625 0.6640625 0.6375 0.6640625 0.6375 0.7046875 0.6640625 0.7046875 0.6640625 0.6640625
0 0.4765625 0.68125 0.4578125 0.68125 0.4578125 0.721875 0.4765625 0.721875 0.4765625 0.68125
0 0.4875 0.6015625 0.4671875 0.6015625 0.4671875 0.6484375 0.4875 0.6484375 0.4875 0.6015625
0 0.459375 0.5375 0.434375 0.5375 0.434375 0.565625 0.459375 0.565625 0.459375 0.5375
0 0.4453125 0.45 0.4171875 0.45 0.4171875 0.48125 0.4453125 0.48125 0.4453125 0.45
0 0.390625 0.43125 0.3625 0.43125 0.3625 0.4578125 0.390625 0.4578125 0.390625 0.43125
0 0.346875 0.43125 0.3265625 0.43125 0.3265625 0.4890625 0.346875 0.4890625 0.346875 0.43125
0 0.3140625 0.55625 0.290625 0.55625 0.290625 0.5796875 0.3140625 0.5796875 0.3140625 0.55625
0 0.3546875 0.5828125 0.325 0.5828125 0.325 0.6140625 0.3546875 0.6140625 0.3546875 0.5828125
0 0.36875 0.5765625 0.35625 0.5765625 0.35625 0.6140625 0.36875 0.6140625 0.36875 0.5765625
0 0.3984375 0.559375 0.3828125 0.559375 0.3828125 0.6 0.3984375 0.6 0.3984375 0.559375
0 0.4078125 0.5 0.3953125 0.5 0.3953125 0.5328125 0.4078125 0.5328125 0.4078125 0.5
0 0.4125 0.5375 0.396875 0.5375 0.396875 0.5734375 0.4125 0.5734375 0.4125 0.5375