1 0.9978908628861312 0.27822966915938435 0.9782279887405918 0.25168478906290603 0.9634808331314371 0.21137589706454998 0.9369359530349587 0.20842646594271907 0.9103910729384803 0.21629161560093488 0.8926944862074947 0.19564559774811835 0.8690990372328474 0.19072987921173346 0.8415710134290921 0.20351074740633415 0.8307564326490453 0.2271061963809816 0.8297732889417684 0.27134766320844556 0.8376384385999842 0.32148799227957137 0.8474698756727539 0.3844091895452978 0.8681158935255704 0.462077542420179 0.8818799054274481 0.5190998774422436 0.9015427795729877 0.5633413442697076 0.9389022404495128 0.6036502362680636 1 0.6518242779246355 0.9919920006424694 0.5761222124643083 0.9969077191788542 0.41980236300726903 0.9969077191788542 0.33721829159600303 0.9939582880570234 0.27233080691572253
1 0.6596894275828512 0.1376401190187767 0.6518242779246355 0.15435356204248535 0.6498579905100815 0.18188158584624067 0.6577231401682972 0.22317362155187367 0.6783691580211139 0.31067341149952454 0.7049140381175922 0.3922743392035136 0.7304757745067936 0.4443809556891934 0.7855318221143042 0.4994370032967041 0.8278070015272143 0.5279481708077364 0.8533687379164157 0.5358133204659522 0.8710653246474013 0.5269650271004593 0.8671327498182934 0.4846898476875494 0.8523855942091387 0.4276675126654848 0.840587869721815 0.3844091895452978 0.799295834016182 0.294943112183093 0.7658689479687648 0.2389039208683053 0.716711762604916 0.16418499911525508 0.7029477507030383 0.13665697531149973 0.6803354454356678 0.12682553823873
1 0.9035090669875414 0.03834260458380208 0.924155084840358 0.017696586730985578 0.9418516715713435 0.03539317346197114 0.9477505338150054 0.06095490985117254 0.9752785576187608 0.07471892175305024 0.9949414317643004 0.10421323297135951 0.9939582880570235 0.14943784350610043 0.973312270204207 0.17893215472440976 0.9487336775222825 0.1877804480899025 0.925138228547635 0.18188158584624067 0.9064584981093725 0.166151286529809 0.8946607736220488 0.14845469979882345 0.8985933484511567 0.10323008926408253 0.8985933484511567 0.05308976019295675
1 0.41390350076360705 0.001966287414553944 0.3981732014471755 0.009831437072769768 0.38440918954529785 0.03244374234014025 0.3863754769598518 0.059971766143895586 0.40407206369083737 0.07275263433849627 0.42570122525093085 0.08160092770398905 0.46895954837111786 0.0884829336549279 0.5269650271004594 0.07668520916760418 0.5839873621225241 0.05014032907112582 0.6233131104136032 0.0216291615600935 0.6419928408518657 0.003932574829107922
1 0.48665613510210326 0.09733122702042067 0.5112347277840279 0.12780868194600697 0.5535099071969378 0.15926928057887024 0.6154479607553873 0.16615128652980904 0.7589869420178259 0.1435389812624386 0.8346890074781531 0.11601095745868326 0.8553350253309695 0.08749978994765092 0.8455035882581998 0.054072903900233726 0.8042115525525668 0.02359544897464745 0.7835655346997503 0.0029494311218309366 0.7304757745067936 0 0.6557568527537434 0 0.6223299667063262 0.02359544897464748 0.5594087694405997 0.0648874846802805
1 0.21334218447910386 0.0009831437072769789 0.38440918954529785 0 0.4040720636908375 0.09339865219131276 0.40112263256900643 0.13469068789694577 0.3824429021307439 0.14943784350610045 0.35884745315609645 0.1445221249697156 0.32247113598684835 0.10912895150774443
1 0.1995781725772262 0.0029494311218309366 0.18974673550445648 0.04129203570563303 0.1789321547244097 0.0924155084840358 0.17401643618802493 0.168117573944363 0.17303329248074784 0.21924104672276581 0.18384787326079466 0.23890392086830534 0.20351074740633412 0.2349713460391974 0.23595448974647437 0.2133421844791039 0.26741508837933764 0.18286472955351762 0.30477454925586267 0.1386232627260537 0.32443742340140236 0.11601095745868327
1 0.0029494311218309227 0.19466245404084134 0.04620775424201788 0.17696586730985578 0.10126380184952863 0.16910071765163998 0.11601095745868323 0.19072987921173346 0.09929751443497464 0.2389039208683053 0.08160092770398905 0.3264037108159562 0.06488748468028047 0.37261146505797416 0.02457859268192441 0.4316000874945927 0.0029494311218309296 0.4433978119819165
1 0.11404467004412931 0.21530847189365787 0.10421323297135951 0.24087020828285927 0.09733122702042071 0.30870712408497064 0.10323008926408256 0.42570122525093085 0.11994353228779114 0.5092684403694738 0.14058955014060764 0.5594087694405997 0.1926961666262874 0.6508411342173586 0.2389039208683053 0.7127791877758081 0.2733139506229995 0.713762331483085 0.2900273936467081 0.7009814632884843 0.2860948188176002 0.6351108349009269 0.2644656572575067 0.5220493085640745 0.22022419043004277 0.3460665849614958 0.14353898126243858 0.22219047784459675 0.12780868194600697 0.21039275335727303
1 0.02457859268192443 0.9831437072769766 0.04227517941291003 0.9271045159621889 0.04817404165657187 0.8808967617201711 0.04719089794929489 0.8051946962598437 0.05210661648567978 0.757020654603272 0.1012638018495286 0.6567399964610203 0.13174125677511486 0.6046333799753406 0.15042098721337743 0.5908693680734629 0.17008386135891695 0.6095490985117256 0.17794901101713276 0.6429759845591427 0.17991529843168674 0.6773860143138369 0.17401643618802487 0.7933969717725201 0.15533670574976233 0.8789304743056171 0.12682553823873 0.9477505338150054 0.10028065814225165 0.9998571503006852 0.0393257482910791 0.9929751443497463
1 0.3539317346197115 0.16811757394436297 0.35884745315609645 0.20744332223544204 0.377527183594359 0.2654488009647837 0.41980236300726914 0.3539317346197115 0.46502697354200995 0.4119372133490532 0.5240155959786283 0.504352721833089 0.5584256257333229 0.5308976019295674 0.5810379310006932 0.5112347277840279 0.5712064939279234 0.462077542420179 0.547611044953276 0.40505520739811435 0.5328638893441213 0.29592625589036997 0.5102515840767509 0.23398820233192044 0.4433978119819165 0.19564559774811838 0.38637547695985186 0.16516814282253212
1 0.6213468229990491 0.5495773323678298 0.5938187991952939 0.5800547872934162 0.5712064939279234 0.628228828949988 0.546627901245999 0.7029477507030383 0.5200830211495207 0.7855318221143043 0.5190998774422437 0.8769641868910631 0.5122178714913049 0.9565988271804982 0.5122178714913048 0.9860931383988076 0.5367964641732292 0.9978908628861312 0.5623582005624307 0.9831437072769766 0.5800547872934162 0.9487336775222823 0.63412769119365 0.8445204445509229 0.6675545772410671 0.7511217923596101 0.6606725712901284 0.669520864655621 0.6534006392610248 0.6000635864515661 0.6439651808013089 0.5623060313496849
1 0.6864629380599161 0.7469787165751485 0.7243367808052199 0.7445679900371716 0.7655039487427192 0.7396258337502072 0.8132579178233733 0.7206809076011207 0.8280781073263989 0.7157387513141563 0.8313715078979763 0.743744309891231 0.8239614131464634 0.7783394038999814 0.8280781073263989 0.8467058929187112 0.8000843909164455 0.9134250216455599 0.7580938539912064 0.9686124209481082 0.7342169071405703 0.9957942805264122 0.6247121484639764 0.9957942805264122 0.6148320221286261 0.9859099679524834 0.6337689435012779 0.9224856163678877 0.6362389750851154 0.8813009869274615 0.6428257385385793 0.8434111157764583 0.6510592022778319 0.8129344979087316
1 0.3869716085196079 0.7303060033842448 0.4291680065366275 0.6941249283959329 0.4653951113064515 0.6751799928204312 0.4826853323933147 0.6941249283959328 0.4810386697972168 0.7402517141233231 0.45633835395884087 0.7913206749905082 0.41517118602134157 0.8547450077222738 0.3558904280092394 0.9247588947385452 0.3089597902266342 0.9486459960274263 0.2414456061649703 0.9733567774622479 0.1829881794509169 0.9857121681796587 0.16240459548216735 0.9741804576081886 0.18628154233280347 0.9107561060235929 0.2216853534942696 0.8415659180060922 0.22827207925804255 0.8193262147147526 0.20192510082356885 0.7929680541352195 0.1780481162832418 0.746841268407829 0.1821648481528681 0.7073040086856993 0.2035717634196666 0.696596006539415 0.22415538507810717 0.7040092409698615 0.3427169011023117 0.711422475400308
1 0.3826490532478921 0.34868612368133656 0.3690638795367854 0.3820845757511372 0.371533911120623 0.42985875947606916 0.3723572801083628 0.4833987796339061 0.38141403745597335 0.5863603815142164 0.4061143532943493 0.6868509052510448 0.46045504813877636 0.8096826485647364 0.4909187961325673 0.8212143214305463 0.510679048803268 0.7750875357031559 0.5180891435547808 0.68859980068128 0.5147957429832034 0.5507008609356131 0.5098556798155282 0.4889239073485589 0.4431648270519132 0.388674130035643 0.40776109126982885 0.3524316380293512 0.3954109333506409 0.34172363588306676
1 0.2313596187378395 0.34930363157729594 0.2562657956679958 0.2332369157145186 0.27190931646907024 0.19781813213341254 0.2875528372701447 0.18875750913183958 0.3089597902266342 0.19287597584644822 0.32542668001544844 0.22499999171171636 0.340246869518474 0.27771632229719767 0.3641238163691101 0.3823253033222195 0.3698872485245251 0.45563394862791384 0.3772973432760379 0.5600022020818533 0.3789440058721358 0.6695533582466696 0.3723572801083628 0.6975588979709141 0.34848033325772665 0.7132090469777478 0.31225315310852075 0.6959114999733725 0.28508280568630723 0.6390767026732826 0.2595591585498824 0.46527755248359026