2 0.5922857613050724 0.3303188360091815 0.6025167224349026 0.3134912581107817 0.6174443761499283 0.3134912581107817 0.6234154376359385 0.334407587434156 0.6124684915782531 0.3563199324395957 0.5955504840345575 0.3652840735781847 0.5786324764908618 0.3603039951678575 0.5786324764908618 0.34914559693778185 0.584603537976872 0.3361973930709311
2 0.5652694973247386 0.3205059804362134 0.5753882302939675 0.3311327505298214 0.5765580346727092 0.3445968393043996 0.5748033281045967 0.36040250873542623 0.5671995996427763 0.36625646037654713 0.5467280230147983 0.359231718407202 0.5420488054998318 0.34693841996084795 0.5473129252041691 0.32820577470926093 0.556671360234102 0.3211810327399157
2 0.3528454337949276 0.37473305848809957 0.36805289071856834 0.3899533327550141 0.37156230385479316 0.40692979251426487 0.3616189666354896 0.42215006678117933 0.3446568031437363 0.4233208571094036 0.3300342484094663 0.4063443973501527 0.3282795418413539 0.39288030857557454 0.3382228790606575 0.3741476633239874
2 0.3177596577987113 0.23121269048205348 0.33238221253298134 0.2505307308977527 0.33881613661606014 0.26399481967233085 0.3370614300479477 0.27687351328279697 0.3470047672672514 0.28448365041625423 0.3581179088652966 0.2967769488626083 0.3581179088652966 0.30965564247307437 0.3505141804034762 0.320192755427092 0.3411557453735433 0.3231197312476526 0.3300426037754981 0.31141182796541067 0.32477848407116094 0.29502076337027194 0.3165898534199697 0.2862398359085905 0.30723141839003687 0.2739465374622365 0.3031371030644412 0.2552138922106494 0.3002125921175872 0.23472506146672603 0.30898612495814926 0.22652952916915667 0.3177596577987113 0.2306272953179414
2 0.4424957275390625 0.1319580078125 0.44791247951139557 0.15130108308856755 0.4459597647269606 0.17084468905332126 0.43766072689311164 0.1815936723339358 0.4274089742748276 0.19185406546543154 0.4176454003526524 0.19234265561455036 0.4147163281759998 0.17817354129010393 0.4152045068721085 0.1635158368165386 0.41862175774486987 0.14983531264121103 0.42545625949039256 0.1429950505535472 0.4332671186281327 0.1327346574220515
2 0.5577301025390625 0.2026611328125 0.5652991890592626 0.21662724525530952 0.5677400825398065 0.230796359579756 0.5618819381865012 0.24740842464979665 0.5526065429604349 0.24985137539539087 0.5423547903421508 0.2459426542024401 0.5389375394693895 0.23568226107094442 0.5374730033810632 0.22004737629914142 0.5408902542538245 0.21027557331676458 0.550165649479891 0.20343531122910075
2 0.3940582275390625 0.4225830078125 0.4023249576923623 0.43413864804563945 0.40330131508457984 0.44879635251920474 0.4018367789962536 0.46736277818572075 0.39793134942738345 0.47371445012426566 0.3881677755052082 0.47176008952779036 0.3823096311519031 0.46736277818572075 0.3818214524557943 0.447819172220967 0.38426234593633807 0.4341386480456394
2 0.3952953485546221 0.48192251751016724 0.40115349290792723 0.491694320492544 0.40212985030014475 0.5122151067555355 0.40017713551570966 0.5307815324220515 0.39187809768186077 0.53566743391324 0.3796736302791417 0.5327358930185269 0.37674455810248914 0.5205211392905558 0.37625637940638035 0.5058634348169906 0.3772327367985979 0.4936486810890195 0.3821145237596855 0.48192251751016724 0.39285445507407823 0.47947956676457293
2 0.5366363525390625 0.4971923828125 0.5437197216565436 0.5057580560890195 0.5495778660098487 0.5179728098169905 0.5500660447059574 0.5282332029484862 0.5471369725293049 0.5380050059308631 0.5398142920876735 0.5428909074220516 0.5290743607732807 0.538005005930863 0.5217516803316493 0.5267674325011297 0.5178462507627792 0.5086895969837324 0.5266334672927369 0.4954976629575237 0.5368852199110209 0.4964748432557614
2 0.5573394775390625 0.5288330078125001 0.5731920137016433 0.5309054450971532 0.5819792302316011 0.5480061003163127 0.580026515447166 0.562175214640759 0.5639166184755768 0.562663804789878 0.5536648658572929 0.5577779032986896 0.549271257592314 0.5484946904654315 0.5507357936806403 0.5362799367374604
2 0.7375566097479636 0.5134503502033438 0.7473201836701389 0.5217563827383642 0.7507374345429001 0.534948316764573 0.7487847197584651 0.5452087098960687 0.7399975032285073 0.5549805128784455 0.7258403210413533 0.5593778242205151 0.7190058192958307 0.5481402507907818 0.7190058192958306 0.5310395955716223 0.7229112488647007 0.5168704812471758
2 0.710218602765873 0.5889488251242657 0.7214467127763744 0.603606529597831 0.7273048571296796 0.6163098734749209 0.7248639636491359 0.6334105286940804 0.7175412832075043 0.6412279710799819 0.6989904927553714 0.6334105286940804 0.69166781231374 0.6246159060099412 0.6911796336176312 0.6114239719837324 0.6941087057942839 0.5948119069136918 0.7033841010203503 0.5899260054225034
2 0.7667457275390188 0.1280517578125 0.7771319749949894 0.11798269458879346 0.7873837276132736 0.11456256354496158 0.7981236589276662 0.11847128473791232 0.8034936245848625 0.12580013697469497 0.8049581606731888 0.1385034808517849 0.7956827654471224 0.1487638739832806 0.7849428341327296 0.15804708681653862 0.7742029028183368 0.15706990651830094 0.7649275075922704 0.15413836562358788 0.7610220780234003 0.14436656264121103
2 0.8151519775390625 0.1440673828125 0.8222291934230692 0.15485412901039314 0.8236937295113956 0.1656031122910077 0.8232055508152869 0.17879504631721643 0.8144183342853292 0.19247557049254405 0.8041665816670451 0.1861238985539991 0.7978202586176311 0.16853465318572075 0.7978202586176311 0.14947963737008585 0.8066074751475888 0.1421507851333032
2 0.7868671704261629 0.6102842224920922 0.8005361739172083 0.6166358944306372 0.8059061395744047 0.629339238307727 0.8010243526133172 0.6430197624830547 0.7897962426028156 0.6459513033777677 0.7805208473767491 0.6425311723339358 0.774662703023444 0.6308050087550836 0.7731981669351177 0.6190788451762314
2 0.7393707275390625 0.6085205078125 0.7507419469141147 0.6068640914482603 0.7629464143168336 0.614192943685043 0.7668518438857037 0.6254305171147764 0.762458235620725 0.6371566806936285 0.7492774108257884 0.6415539920356982 0.7365847647269606 0.6400882215883417 0.7297502629814379 0.632759369351559 0.7307266203736553 0.6205446156235879 0.7336556925503079 0.6117499929394488 0.7404901942958306 0.6093070421938545
2 0.4534332275390625 0.7159423828125 0.4634460790487611 0.7273502810099413 0.46783968731374 0.7390764445887935 0.46783968731374 0.7595972308517849 0.4634460790487611 0.771811984579756 0.4507534329499333 0.7766978860709445 0.43659625076277925 0.7674146732376863 0.4341553572822354 0.7464052968255761 0.43708442945888804 0.7293046416064166 0.4424543951160844 0.7200214287731586 0.4536825051265859 0.7166012977293267
2 0.48702697753906254 0.7163330078125001 0.48190710990051944 0.7034192484749209 0.48288346729273696 0.6828984622119295 0.48825343294993334 0.6716608887821961 0.4994815429604349 0.6731266592295526 0.5068042234020662 0.6868071834048802 0.5097332955787188 0.7073279696678717 0.5019224364409787 0.715634002202892
2 0.7671453254051599 0.5292638669227293 0.7739798271506826 0.539524260054225 0.7783734354156615 0.5512504236330773 0.777397078023444 0.5649309478084049 0.7715389336701388 0.5756799310890195 0.7598226449635286 0.577145701536376 0.7495708923452444 0.5722598000451876 0.748594534953027 0.555159144826028 0.7520117858257884 0.5405014403524627 0.7583581088752023 0.533661178264799
2 0.4233551025390625 0.9850830078125 0.41666863274486987 0.9695958540442837 0.41813316883319623 0.9510294283777678 0.4220385984020663 0.944189166290104 0.43229035102035024 0.943700576140985 0.44107756755030797 0.9515180185268866 0.44693571190361314 0.9622670018075011 0.4479120692958306 0.9779018865793041 0.4381484953736554 0.9842535585178491 0.4293612788436977 0.9871850994125622