2 0.548497250205592 0.11474609374999997 0.5034830044015255 0.12575306353604296 0.48035875037532083 0.1746120784479273 0.4803587503753207 0.21832803915856064 0.5111910890769269 0.2620439998691939 0.5471621508954674 0.2543294185673174 0.5677170433632046 0.231185674661688 0.5728557664801388 0.1668974971460508 0.5625783202462704 0.1334676448379194
2 0.6984884849605779 0.24783399525404776 0.7146559984941793 0.2730623413793596 0.7225702473924014 0.30078555888268144 0.7146559984941792 0.3377498488871107 0.6961894177316603 0.3496312278171057 0.664532422138771 0.3377498488871106 0.6539800902744747 0.30210571209712533 0.6539800902744747 0.27174218816491563 0.6724466710369934 0.2506197367338132
2 0.4483456821915205 0.14756578317362387 0.4205097477769164 0.14632763279274513 0.3901717936670642 0.16745008422384755 0.3822575447688418 0.1898926888693938 0.3875337107009901 0.21761590637271574 0.4046812499804717 0.23081743851715475 0.42842399667513864 0.23609805137493034 0.4534857848528427 0.22157636601604744 0.46931428264928715 0.20177406779938895 0.47459044858143545 0.17141054386717924
2 0.17392741755036026 0.02724392867711517 0.1883584467623951 0.0022229892097265225 0.21869640087224723 0 0.23452489866869192 0.014104368139721615 0.2450772305329883 0.04182758564304351 0.23320585718565484 0.07615156921858493 0.20682502752491377 0.08275233529080439 0.18308228083024686 0.06559034350303371 0.16857282451683925 0.0471081985008191
2 0.1342777459578759 0.02994620671304843 0.15274432672039462 0.041827585643043494 0.16989186599987632 0.074831416004141 0.18967748824543207 0.09991432707857512 0.18176323934720973 0.1289576977963409 0.15406336820343164 0.13027785101078485 0.1237254140935794 0.11179570600857024 0.10393979184802371 0.07483141600414102 0.10789691629713483 0.05370896457303863
2 0.6302373435798078 0.2921005913844793 0.5985803479869185 0.3026618171000306 0.5748376012922515 0.3290648813889085 0.5695614353601033 0.3528276392488987 0.5893470576056591 0.3594284053211182 0.6223230946815854 0.3554679456777865 0.6500229658253636 0.335665647461128 0.6526610487914377 0.3185036556733573 0.6434277584101784 0.2973812042422549
2 0.3466434247268414 0.2672256235186788 0.3717052129045453 0.25270393815979586 0.4165526233278054 0.24610317208757634 0.44820961892069455 0.2368620995864691 0.4798666145135837 0.23158148672869347 0.4930570293439543 0.24742332530202027 0.48646182192876897 0.25930470423201535 0.45348578485284263 0.28570776852089336 0.40336220849743465 0.3002294538797763 0.3664290469723972 0.31607129245310306 0.34400534176076714 0.3055100667375519 0.33872917582861906 0.28174730887756166
2 0.9085240028974659 0.28688582522221284 0.934935926161367 0.27855089744576866 0.9586786728560338 0.28383151030354425 0.9903356684489233 0.29307258280465154 1 0.3128748810213101 1 0.3551197838835149 0.9745071706524783 0.37624223531461726 0.9006408476024035 0.36964146924239777 0.8808552253568478 0.3339973324524125 0.884812349805959 0.3049539617346467
2 0.8715830826573097 0.3470467524704672 0.8439220638318101 0.3658889528076996 0.8360078149335879 0.3856912510243581 0.8452411053148473 0.40813385566990446 0.8557934371791439 0.4147346217421239 0.8808552253568478 0.4094540088843483 0.8940456401872182 0.3896517106676898 0.8993218061193666 0.3724897188799191 0.8900885157381071 0.35004711423437285
2 0.49373024134371235 0.2668321828061281 0.5339473153181029 0.26062485744645925 0.5656043109109922 0.2672256235186788 0.5774756842583256 0.2870279217353373 0.5748376012922515 0.3081503731664397 0.5471377301484733 0.34643481638531276 0.5181188175216583 0.356996042100864 0.48250469747965774 0.3517154292430884 0.45744290930195386 0.32795267138309814 0.4653571582001762 0.2949488410220007
2 0.39135111953527946 0.3269931100543824 0.4152335818447681 0.3223238967310509 0.44820961892069444 0.3302448160177143 0.4785475730305467 0.35664788030659234 0.49965223675913945 0.387011404238802 0.48646182192876897 0.4068137024554605 0.4455715359546203 0.4173749281710116 0.40863837442958295 0.40285324281212875 0.3914908351501012 0.37645017852325074 0.38357658625187885 0.33420527566104596
2 0.31366738765091506 0.379355183302578 0.32026259506610033 0.35031181258481225 0.3308149269303967 0.3252289015103782 0.3506005491759525 0.3212684418670465 0.3664290469723972 0.3291893611537099 0.3822575447688418 0.35427227222814395 0.38621466921795305 0.37935518330257806 0.37830042031973066 0.4083985540203438 0.3624719225232861 0.44404269081032915 0.34004821731165613 0.4361217715236657 0.32421971951521145 0.41103886044923166
2 0.4219593105914089 0.4135404089027483 0.43370016260728694 0.4393181829554587 0.436338245573361 0.4670414004587806 0.44952866040373163 0.49212431153321473 0.4587619507849908 0.5462505933254147 0.4627190752341019 0.5911358026165072 0.45744290930195386 0.6241396329776048 0.43765728705639795 0.6333807054787121 0.41787166481084226 0.6175388669053853 0.39808604256528657 0.5396498272531952 0.3954479595992123 0.5040056904632099 0.3822575447688418 0.4683615536732245 0.37830042031973077 0.4366778765265709 0.3822575447688419 0.41027481223769297 0.39280987663313827 0.3931128204499222
2 0.27419562963078414 0.4177622283587662 0.2991579313375075 0.43382962688904964 0.3281768439643227 0.4668334572501472 0.32421971951521145 0.5064380536834642 0.3057531387526927 0.534161271186786 0.2740961431598035 0.5394418840445616 0.24112010608387718 0.5090783601123519 0.2424391475669142 0.46683345725014713 0.25562956239728474 0.4338296268890496
2 0.16725378303380226 0.37803503008813416 0.18572036379632095 0.34371104651259277 0.2028679030758026 0.34107074008370497 0.22661064977046957 0.35691257865703174 0.23716298163476596 0.37671487687369026 0.23848202311780298 0.40311794116256827 0.23452489866869186 0.432161311880334 0.22001544235528436 0.4638449890269876 0.1936346126945433 0.4664852954558754 0.17121090748291334 0.44932330366810475 0.1659347415507651 0.42424039259367063
2 0.05909238142476389 0.40311794116256827 0.0947065014667643 0.3872761025892414 0.1237254140935795 0.38859625580368534 0.13955391189002408 0.39387686866146093 0.1514252852373576 0.4216000861647828 0.13955391189002403 0.4453628440247731 0.10921595778017186 0.45724422295476813 0.07360183773817143 0.44800315045366085 0.05381621549261564 0.42292023937922674
2 0.14437468135823536 0.47897861047102497 0.15670145116950573 0.46009247259228947 0.18044419786417282 0.4627327790211773 0.1962726956606174 0.4812149240233919 0.20418694455883968 0.5128986011700455 0.2055059860418767 0.5709853426055771 0.20286790307580255 0.6449139226144356 0.1712109074829133 0.6633960676166502 0.15406336820343164 0.6317123904699964 0.15142528523735754 0.5762659554633527 0.14351103633913517 0.5287404397433723
2 0.07577011519794533 0.5359731731272659 0.09866362591587549 0.5443743351080655 0.1171302066783942 0.5588960204669484 0.13823487040698706 0.578698318683607 0.14746816078824637 0.6077416894013727 0.12372541409357944 0.6196230683313679 0.09998266739891253 0.6143424554735923 0.05909238142476386 0.5668169397536118 0.06173046439083796 0.5404138754647339
2 0.13487558758219517 0.6932359478639307 0.11713020667839419 0.7438419502538958 0.11185404074624594 0.7755256274005493 0.1263634970596536 0.7926876191883201 0.15010624375432055 0.7913674659738762 0.16065857561861702 0.7715651677572177 0.1778061148980987 0.7187590391794617 0.17516803193202451 0.685755208818364 0.16065857561861696 0.6791544427461447
2 0.14754104595024872 0.6225204719756319 0.12504445557661648 0.6150230402412987 0.10393979184802377 0.6295447256001817 0.10262075036498663 0.6493470238168402 0.11053499926320898 0.6717896284623865 0.13032062150876478 0.6823508541779377 0.15010624375432052 0.6810307009634937 0.16197761710165398 0.6691493220334988 0.163296658584691 0.6546276366746158
2 0.14754104595024872 0.8990496463448009 0.16989186599987627 0.8745371184838419 0.19099652972846914 0.8718968120549542 0.20418694455883973 0.886418497413837 0.21737735938921016 0.9141417149171589 0.22397256680439542 0.9379044727771491 0.20682502752491372 0.964307537066027 0.18440132231328388 0.9748687627815783 0.15933953413557983 0.9761889159960221 0.14746816078824643 0.9563866177793638 0.14219199485609824 0.9233827874182663
2 0.23936561911863694 0.7639514237522298 0.24112010608387718 0.8309720624071932 0.25035339646513644 0.874537118483842 0.2727771016767665 0.9141417149171589 0.2886055994732111 0.9022603359871637 0.30839122171876693 0.8784975781271736 0.30839122171876693 0.8454937477660761 0.30839122171876693 0.807209304547203 0.30179601430358166 0.7689248613283299 0.29256272392232224 0.7346008777527886 0.27805326760891474 0.7227194988227934
2 0.3227465533749895 0.7850605210323189 0.3453243832438043 0.7710090627543125 0.36379096400632305 0.7868509013276394 0.3743432958706193 0.8106136591876296 0.36906712993847124 0.842297336334283 0.35455767362506374 0.8607794813364976 0.3308149269303967 0.8673802474087172 0.3229006780321745 0.8383368766909514
2 0.7069321238726136 0.38504312757462783 0.7291654548075868 0.37281117237216443 0.7634605333665501 0.37149101915772054 0.7845651970951429 0.3820522448732717 0.7964365704424763 0.40185454308993024 0.7977556119255134 0.4282576073788083 0.7806080726460317 0.45070021202435456 0.7318035377736608 0.4533405184532423 0.7001465421807717 0.4388188330943595 0.6935513347655863 0.4229769945210326 0.6975084592146975 0.40449484951881803
2 0.32421971951521145 0.660256411326663 0.34664342472684145 0.6628967177555508 0.37302425438758235 0.6813788627577655 0.3769813788366936 0.6998610077599801 0.37302425438758247 0.724943918834414 0.37302425438758247 0.7236237656199702 0.36906712993847124 0.7605880556243994 0.337410134345582 0.7698291281255067 0.3044340972696557 0.7526671363377361 0.29124368243928517 0.7183431527621946 0.2991579313375075 0.6760982498999899
2 0.436338245573361 0.6464987741793189 0.411276457395657 0.6755421448970846 0.4007241255313605 0.7085459752581822 0.40995741591261986 0.7415498056192797 0.44029537002247227 0.7349490395470601 0.4653571582001763 0.6900638302559675 0.4653571582001762 0.6425383145359871