2 0.4987980769230771 0.4477163461538461 0.5378605769230773 0.4417067307692307 0.5649038461538463 0.41466346153846156 0.5769230769230768 0.381610576923077 0.546875 0.36057692307692313 0.5078125 0.3575721153846154 0.48677884615384626 0.3876201923076923 0.46574519230769207 0.420673076923077
2 0.3672684401247491 0.3645745395859368 0.38073794281881074 0.387921677588977 0.38971761128151866 0.4256362851323498 0.3843298102038939 0.45437122421301473 0.3654725064322075 0.4813102296011382 0.3502070700456042 0.48400413013995053 0.33404366681273023 0.45167732367420244 0.3295538325813763 0.41126881559201733 0.33763553419781334 0.387921677588977 0.3484111363530627 0.3771460754337277
2 0.5299759243511027 0.5064072834845272 0.5478116525744572 0.5172361184772781 0.5611884487419729 0.5337978661132501 0.569469322559959 0.5560925263924431 0.5726542740284151 0.5777501963779449 0.5745652449094888 0.6025928178319029 0.5662843710915029 0.6153326237057274 0.5509966040429133 0.6166066042931099 0.536345827288015 0.6108736916498888 0.5134141767151308 0.5847570896085484 0.5000373805476149 0.5554555360987519 0.5051333028971448 0.5261539825889554 0.5146881573025133 0.5095922349529833
2 0.721484375 0.492578125 0.701171875 0.478125 0.68125 0.47773437499999993 0.664453125 0.48359374999999993 0.639453125 0.4953125 0.637109375 0.509375 0.63828125 0.528515625 0.64296875 0.540625 0.66015625 0.5531250000000001 0.68046875 0.5578125 0.7015625 0.5578125 0.712109375 0.55 0.7261718749999999 0.5339843750000001 0.7328125 0.5238281250000001 0.7328125 0.511328125 0.728125 0.49882812500000007
2 0.186328125 0.253515625 0.19765625 0.23164062500000002 0.209375 0.22539062499999998 0.21796875000000002 0.23320312499999998 0.22617187500000002 0.24140625 0.2296875 0.253125 0.23398437500000002 0.279296875 0.23398437500000002 0.300390625 0.23085937500000003 0.319921875 0.221484375 0.341015625 0.21054687500000002 0.35390625000000003 0.19609375 0.346484375 0.185546875 0.33125000000000004 0.18281250000000002 0.314453125 0.18007812499999998 0.29296875 0.180859375 0.259375
2 0.5969105832368871 0.6050097770392872 0.6131089708416874 0.6208032049539675 0.6240428824749275 0.6378115119390075 0.6309271972069675 0.6604892545857279 0.6321420762773275 0.6831669972324481 0.6252577615452874 0.7030100220483284 0.6143238499120474 0.7115141755408485 0.5880014700542471 0.7058447398791684 0.5709931630692069 0.6860017150632882 0.5620840498865667 0.6527950204734478 0.5677534855482468 0.6228280034045675 0.5786873971814869 0.6098692933207273 0.5956957041665271 0.6050097770392873
2 0.45429687500000004 0.850390625 0.4734375 0.8382812499999999 0.49062500000000003 0.838671875 0.50390625 0.8421874999999999 0.5152343749999999 0.8527343749999999 0.5203125000000001 0.8640625 0.520703125 0.87734375 0.519140625 0.8929687500000001 0.50546875 0.9105468750000001 0.483984375 0.923828125 0.4515625 0.9308593749999999 0.434375 0.921875 0.43242187500000007 0.9039062499999999 0.43437499999999996 0.8765624999999999 0.454296875 0.8488281249999999
2 0.6355780782560583 0.8340951497724226 0.664284212833781 0.8021545211577733 0.677222188981487 0.7884079215008356 0.6942032826753511 0.7863863627277565 0.7018852060130516 0.7932596625562254 0.7087585058415203 0.8013458976485416 0.7115886881238311 0.8223701088885639 0.7059283235592098 0.8413727613555071 0.6885429181107298 0.8688659606693824 0.6646885245883968 0.8842298073447833 0.6444729368576061 0.8822082485717043 0.6331522077283633 0.8684616489147666 0.6319392724645159 0.8466288141655127
2 0.853515625 0.814453125 0.878515625 0.794921875 0.896484375 0.7765624999999999 0.900390625 0.762109375 0.888671875 0.748046875 0.869921875 0.737890625 0.84921875 0.740625 0.8374999999999999 0.752734375 0.825390625 0.7707031249999999 0.8195312499999999 0.787890625 0.8195312499999999 0.799609375 0.825 0.8097656249999999 0.8382812499999999 0.816015625
2 0.029563066821985083 0.17030897190926192 0.04305924950158697 0.1362471775274095 0.05655543218118886 0.13303380069893286 0.06491021193522813 0.14010322972158146 0.07904906998052533 0.15681278922966002 0.08226244680900198 0.18123445312608247 0.08161977144330665 0.20115738946263764 0.07455034242065804 0.2191522997021068 0.06169683510675149 0.24100326213574796 0.04498727559867295 0.24614466506131055 0.03277644365046173 0.23521918384449 0.025707014627813107 0.21336822141084885 0.02442166389642246 0.18251980385747313
2 0.24961178089035876 0.056981224257765035 0.2564155091599426 0.039121437550107344 0.26704633458116744 0.033593408331070426 0.2806537911203353 0.03784573849956036 0.29383601464265396 0.05613075822406705 0.30489207308072785 0.0761167100159697 0.3031911410133319 0.10290639007745626 0.2993640438616909 0.12842037108839582 0.28660705335622116 0.14840632288029848 0.2729995968170534 0.16328947847001324 0.26109307234528156 0.15988761433522128 0.25726597519364064 0.13097176918948977 0.24961178089035876 0.11906524471771798 0.24408375167132185 0.0995045259426643
2 1 0.397265625 0.9792968750000002 0.38710937500000003 0.96484375 0.389453125 0.95 0.39921875 0.9289062499999998 0.423828125 0.9269531249999998 0.44296874999999997 0.9289062499999998 0.476171875 0.9421875 0.48867187500000003 0.9632812499999999 0.48671875000000003 0.9835937499999998 0.46953125 1 0.45000000000000007
2 0.943359375 0.280859375 0.930078125 0.27382812500000003 0.909765625 0.27734375 0.888671875 0.29921875000000003 0.880859375 0.328125 0.8746093749999999 0.36328125 0.876953125 0.374609375 0.8882812499999999 0.383203125 0.9074218749999999 0.38554687500000007 0.928125 0.37617187500000004 0.944921875 0.353515625 0.9515625 0.33203125 0.953125 0.30195312500000004
2 0.9571219607791948 0.1792973700369745 0.9786376451836316 0.1897292170209439 0.9916774539135933 0.20342101618740377 1 0.21580883448086746 1 0.2986116199161248 1 0.30382754340810947 0.9825495878026203 0.30317555297161136 0.952558027723708 0.2679680694007146 0.9388662285572482 0.24058447106779485 0.9388662285572482 0.2014650448779095 0.9440821520492328 0.18842523614794773
2 0.8821430605819145 0.12844211599012353 0.8677992709789565 0.14408988646607765 0.841719653519033 0.212548882298377 0.8299838256620673 0.24906034674227 0.8319397969715616 0.2679680694007146 0.8195519786780978 0.29469967729713625 0.8169440169321056 0.3155633712650751 0.8332437778445578 0.31360739995558085 0.8534554813759986 0.271228021583205 0.8554114526854928 0.23667252844880632 0.8827950510184126 0.17082149436249933 0.8912709266928878 0.15321775257705095 0.8912709266928878 0.13431002991860636
2 0.8769271370899298 0.0013039808729961855 0.8664952901059603 0.024123646150429306 0.8684512614154546 0.05541918710233757 0.878883108399424 0.0834547758717554 0.8906189362563897 0.09388662285572484 0.9088746684783361 0.10431846983969426 0.929738362446275 0.1030144889666981 0.9440821520492328 0.09127866110973248 0.9408221998667425 0.07367491932428408 0.9323463241922674 0.03651146444389301 0.9212624867717998 0.014343789602957985 0.9147425824068189 0
2 0.5610555090386682 0 0.5601125586033091 0.028288513060773197 0.5714279638276184 0.05704850133922591 0.5926443486231983 0.08580848961767867 0.6129177829834191 0.09618094440662883 0.6331912173436398 0.09618094440662883 0.6440351473502697 0.08015078700552401 0.642620721697231 0.059877352645303236 0.6336626925613195 0.03347474045524826 0.6218758121193306 0.016501632618784345 0.6110318821127009 0
2 0.4863181603741281 0 0.4780380554869409 0.026496335638999047 0.482454111426774 0.06237679015014357 0.4962542862387527 0.09660122368385066 0.5166785449604812 0.08832111879666346 0.5382068176671678 0.05188865729303979 0.5470389295468342 0.02815235661643649 0.5453829085693968 1.3877787807814457e-17
2 0.3343853431724495 0 0.3356048711708195 0.04394001083578071 0.3758492951170315 0.09398280095430872 0.4075570230746528 0.10008558023705603 0.4148741910648732 0.07079223967986892 0.4075570230746528 0.03295500812683553 0.37828835111377146 0