2 0.07234374284744263 0.9313281252980232 0.08232619658352734 0.9186971699895761 0.08951248909597087 0.9130705001558544 0.10107308392748433 0.9140082764740626 0.10982161705192425 0.9227608753181266 0.12044485798107989 0.9365149677334218 0.12231954194789557 0.947768307400865 0.12106974469071848 0.9618349879474055 0.11419589553309421 0.9755890803627009 0.10732204637546998 0.9846542673380099 0.09638636209149506 0.989030596571224 0.08451332390516232 0.9877801963483522 0.07326519626636811 0.9777772330548351 0.06764112052802106 0.966836481518637 0.06545399320638604 0.9543327654772676 0.06607887991602462 0.9430794138853517
2 0.10437499284744264 0.9094531252980232 0.11919506072390276 0.9252616161415058 0.12450669310743054 0.9446423783905229 0.13887930197021758 0.9452675665774858 0.14731539173983824 0.9421416375671434 0.15606394870217818 0.9362023676777039 0.161375557247806 0.9265119925154318 0.1610631138929867 0.9083816006781046 0.15981331663580958 0.8986912255158326 0.15262702412336604 0.8896260325782871 0.14200378319421042 0.8855623332119731 0.13075565555541624 0.8855623332119731 0.12263198530271488 0.8871252977171442 0.11544569279027136 0.8924393674951479 0.10794693308510858 0.9018171545261748
2 0.06843749284744263 0.8461718752980233 0.07732700755481883 0.8487111932759559 0.08482576725998162 0.8537126868471874 0.0920120836103251 0.862465309540197 0.0941992109319601 0.8712178845353152 0.09482412147949865 0.8805956715663421 0.09107472970796729 0.8902860586530872 0.08482576725998162 0.8965123688893578 0.07139051229955243 0.9112042256983885 0.06389175259438964 0.9118294138853515 0.053893398374872614 0.9090160849307273 0.04701954921724835 0.9005760742179084 0.04202037210748984 0.8933864398790157 0.042957726009847666 0.872130119031346 0.05170627105323761 0.8577508443913241 0.059829917468038965 0.8499360218654682
2 0.07937499284744264 0.8442187502980233 0.09576145154395652 0.8630881513523585 0.10482245186111575 0.8593370341550532 0.11169630101874 0.8527725880031234 0.11169630101873998 0.837768119213902 0.10638469247311216 0.8258895913594958 0.10083179490384901 0.8200241777922708 0.09138717306278657 0.819950333394529 0.08513821061480092 0.8265147795464587 0.07927286969071849 0.8344034583945291
2 0.056776614413130075 0.8469071744358985 0.07208657717827496 0.8365915991621904 0.07771062907872209 0.8244004831765391 0.07239902053309424 0.813772319771586 0.06396293076347359 0.8078330677688558 0.05552681715595291 0.8056449031522488 0.04896541135314797 0.8143975079585491 0.04396624616233949 0.822212330484405 0.04084176493834664 0.8284641885050896 0.047715614095970894 0.8390923519100426
2 0.08249999284744262 0.8176562502980232 0.05490193044631436 0.7900152640627736 0.05521437380113364 0.7775115420591678 0.06115089289430001 0.7703219077202751 0.06739985534228568 0.7628196763067826 0.07896042633589917 0.7612567118016115 0.08989611061987407 0.7631322763625006 0.09926955429185258 0.7750108012357886 0.10551851673983825 0.7881397054641209 0.10520607338501897 0.7997056392250457 0.09926955429185261 0.808770832162591
2 0.06771229869710498 0.7575172102147033 0.09395794574622476 0.7584549924951478 0.100831794903849 0.7472016468654682 0.10395627612784183 0.7356357071423071 0.10395627612784186 0.7256327408676717 0.09708242697021757 0.7137542040699109 0.08614674268624267 0.7071897549368629 0.0780230962714413 0.7103156839472052 0.06739985534228568 0.7193808828469871 0.05927620892748431 0.7287586668968958 0.06052598234676146 0.7443883119486074
2 0.11023436784744263 0.7258593752980232 0.09458283245586338 0.7634680927334219 0.10458118667538038 0.7787851377294156 0.10864299796383112 0.7894133011343685 0.12395296072897596 0.7884755248161603 0.13238905049859662 0.7806607022903046 0.14020025355857868 0.7706577270723146 0.14394964533011007 0.7594043874048714 0.14176249417057513 0.745650294989576 0.13520108836777017 0.7340843552664149 0.129577036467323 0.7256443505158325 0.1242654040837952 0.7193924924951478 0.11676664437863242 0.7209554570003189
2 0.13363884775577373 0.7231436037302168 0.14801145661856077 0.7590917873491534 0.15769736748325852 0.7575288228439824 0.16863305176723345 0.7487762239999184 0.17394466031286124 0.7375228902947116 0.1733197736032227 0.7231436037302168 0.16769569786487562 0.7131406344744633 0.15800981083807783 0.7075139586785052 0.14738656990892218 0.7087643350524312 0.1398878102037594 0.7147035989796343
2 0.23132811784744262 0.6645312502980232 0.23081023289227076 0.68628086905163 0.23674672814753717 0.6959712442139021 0.24924465304350849 0.7022231022345867 0.25893056390820623 0.6981593969060362 0.2711160216114583 0.6819045636673616 0.27111602161145826 0.6618986251558545 0.2645546396465533 0.6506452795261748 0.2564309693938519 0.641580080626393 0.24736999291459272 0.6450186037302168 0.2392463226618914 0.6509578676574199 0.2323724735042671 0.6587726901832757
2 0.6715624928474426 0.9450000002980232 0.664500557247806 0.952551030960953 0.6585640381546397 0.9631791943659059 0.6591889487021781 0.9775584630436914 0.664500557247806 0.9884992145798895 0.6713744302433302 0.9941258963380841 0.6807478739153087 0.9963140371057453 0.6904337609421065 0.9916251435902319 0.7004320913237235 0.983497732933131 0.7013694452260814 0.9678680878814194 0.6982449640020886 0.9575525126077116 0.6910586476517451 0.9484873256324025 0.6838723551393016 0.9419228675559999
2 0.7879687428474427 0.7778125002980233 0.7788565891162635 0.7844108904772676 0.7751072211826322 0.7950390419577478 0.7813561836306179 0.8159827925608817 0.7819810703402565 0.816607956898899 0.7910420468195156 0.8194212858535233 0.8016653115865713 0.8178583213483522 0.8063520334225605 0.8087931343730432 0.8072893396491184 0.797227194649882 0.8063520334225605 0.7837857022903046 0.7976034764602207 0.7794093969060363
2 0.8133593678474427 0.7817187502980233 0.8098806039848399 0.7879195478997003 0.8086308067276626 0.7994854756983886 0.8080059200180241 0.8123017917954758 0.8130050852088326 0.8185536498161604 0.8192540476568182 0.8216795788265027 0.8283150479739775 0.8182410497604425 0.833314237002686 0.8091758627851334 0.8345640104219632 0.7966721467437642 0.8323768831003282 0.78448101883364 0.8236283261379882 0.7788543489999185
2 0.7938281178474427 0.7750781252980232 0.8092557172752013 0.7797921253181266 0.8164420097876447 0.7754158318583311 0.831127085843151 0.760411369031346 0.8317519725527895 0.745094318073116 0.8242532128476268 0.7300898552461309 0.814567325820829 0.7216498445333122 0.8026942876344964 0.7197742918968958 0.7926959572528791 0.7203994741216224 0.7848847541928972 0.7307150434330939 0.780510475711727 0.7404054245576024 0.7811353862592657 0.7557224755158325 0.784884754192897 0.7691639738376463
2 0.7727343678474428 0.6789843752980232 0.7630133856249472 0.6847987284462407 0.7570768665317809 0.6994905852552713 0.7580142204341387 0.7119943012966407 0.762700942270128 0.7219972765146305 0.7720743859421064 0.7285617345910332 0.7808229190665464 0.7260609818431811 0.7880092354168898 0.7191839475600063 0.7955079951220527 0.7026165142656137 0.7939457545100562 0.6932387272345868 0.7898839193837056 0.6835483520723147 0.7833225135809007 0.6791720466880463
2 0.7934374928474427 0.6793750002980232 0.8011320470224997 0.7004283734979523 0.8008196036676806 0.716683194812154 0.814567325820829 0.7204343120094594 0.8236283261379882 0.716370606680909 0.8317519725527894 0.7088683722862983 0.8342515432292439 0.6954268799267209 0.8330017698099668 0.6816727994358984 0.8292523780384353 0.6710446360309453 0.8205038449139954 0.6629172253738445 0.8105054906944784 0.6622920371868813 0.8026942876344962 0.6657305543284688 0.7970702357340491 0.6722950124048713 0.7930084006076985 0.6807350111932173
2 0.7692187428474427 0.6750781252980232 0.7867594381597127 0.6754209414152138 0.7961328818316913 0.666668330646677 0.8064436794060277 0.6604164726259922 0.8070685661156662 0.6460372039482069 0.7986324763460455 0.6357216346367353 0.7876967920620707 0.6232179245576025 0.7786357917449114 0.618841619173334 0.7708245886849293 0.6235305126888475 0.7623884989153087 0.6332209057378289 0.7592640176913159 0.6422860867509015 0.7580142204341387 0.6538520264740626 0.7608262583033123 0.6657305543284688
2 0.7914843678474427 0.6168750002980232 0.8123801984991941 0.6454236283905228 0.8214411749784531 0.6454236283905228 0.8286274913287968 0.6413599230619723 0.8339391237123246 0.6341702887230796 0.8376884916459559 0.6272932425154318 0.8395631994506716 0.6072872980416882 0.8326893026172475 0.599159881422351 0.8258154534596231 0.5913450588964952 0.8186291609471796 0.5879065477171441 0.8120677313064747 0.5875939416991899 0.8042565282464926 0.5922828352147033 0.7986324763460455 0.5994724755158325 0.7923835138980598 0.6072872980416884
2 0.9234046754985967 0.9974617578368451 0.9434013600997309 0.9987121222862984 0.9558992849957021 0.9965239815186369 0.9618358040888684 0.9824573009720964 0.9580864361552369 0.966202467733422 0.9496503225477163 0.9533861516363346 0.9384021949089221 0.9515105989999183 0.9265291567225894 0.958387645207566 0.9218424348866001 0.967765432238593 0.9196553075649652 0.9793313719617542 0.9193428642101459 0.986521006300647
2 0.6973437428474427 0.6371875002980232 0.6869235830901818 0.6506568861932174 0.6819244178993732 0.665348754926721 0.6847364319306467 0.6784776591550532 0.6909853943786324 0.6903561870094594 0.6991090646313338 0.6962954568988989 0.7100447489153088 0.6975458213483522 0.7212928765541029 0.6931695278885567 0.7303538768712621 0.685042105306983 0.7344156881597128 0.6741013537707848 0.7347281315145321 0.65722134426962 0.7287916362592657 0.6437798519100426 0.7212928765541029 0.6328391003738444 0.7091073950129508 0.6309635358129554
2 0.5231249928474426 0.6258593752980232 0.5356986870813487 0.6212615420591678 0.5444472321247387 0.6268882178551259 0.5503837512179051 0.6381415634848056 0.5516335365561322 0.6543963907612437 0.549133953960728 0.6659623304844049 0.5444472321247387 0.6731519648232976 0.5378858263219337 0.6778408583388111 0.5250754461521931 0.6750275293841868 0.5178891417207996 0.6672127068583309 0.5144522171419874 0.6562719612843693 0.5138273185133988 0.6422052807378288 0.5175766983659802 0.6297015646964595
2 0.6918749928474427 0.6309375002980232 0.6881733803473589 0.6425410881653955 0.6809870639970154 0.657232956898899 0.6694264930034018 0.6553573923380098 0.6609903793958812 0.6487929700350259 0.6572410114622498 0.6384773828368451 0.6581783415267077 0.6265988549824388 0.6625526200078777 0.6162832797087309 0.6791123800301997 0.6112817980619722 0.6850488991233661 0.6197218087747911
2 0.6239062428474427 0.6176562502980232 0.6347447323467614 0.6097188335568011 0.6422434920519242 0.6097188335568012 0.6519293790787221 0.6153455033905229 0.6547414169478957 0.6259736667954757 0.6531791763358992 0.6369144183316738 0.6513044923690835 0.6450418289887748 0.6431808459542822 0.6525440633833854 0.6325576050251265 0.6506684988224964 0.6244339586103251 0.6394151591550532 0.620997034031513 0.6269114431136839
2 0.6032031178474426 0.5907031252980233 0.6056870712663681 0.6022165991621905 0.610998679811996 0.6094062454255561 0.6184974395171587 0.6172210679514119 0.6269335292867795 0.6125321744358984 0.6363069729587578 0.6069054926777039 0.6509920490142642 0.5990906701518481 0.6531791763358992 0.5875247423531598 0.6516169357239028 0.5772091730416883 0.6459928838234557 0.565643245243 0.6356820862491193 0.5565780403809817 0.6303704777034914 0.5515765646964595 0.6197472367743359 0.5515765646964595 0.6122484770691731 0.5565780403809817 0.6053746279115488 0.5668936037302168 0.6010003494303788 0.575021032274027 0.5994381088183824 0.5837736251558545
2 0.6332812428474427 0.5465625002980232 0.6509920490142642 0.5665810096367353 0.6588032520742463 0.5631424924951478 0.6669268984890476 0.5565780403809817 0.6700513797130405 0.5456372888447836 0.6709887336153982 0.529382455606109 0.6669268984890476 0.5187542981633924 0.6597405821387041 0.5109394756375365 0.6463053271782749 0.5121898460492261 0.6384941241182929 0.5203172626685635 0.633182491734765 0.5315706053171249 0.6297455671559529 0.5428239539279227 0.6353696428943 0.5490758119486073
2 0.6844531178474427 0.6090625002980232 0.6925476349906289 0.6222225495981704 0.7019210786626073 0.6278492194318921 0.7250422444877344 0.6209721732242444 0.7287916362592657 0.6100314216880462 0.7303538768712621 0.5978403057023949 0.7287916362592657 0.5868995541661968 0.7212928765541029 0.5797099257895404 0.7119194328821244 0.574395832162591 0.7012961919529688 0.5731454617509015 0.6931725455381674 0.5768965789482068 0.6869235830901818 0.58814991861565 0.682861747963831 0.6003410465257742
2 0.7022335458553266 0.5503261823602971 0.7091073950129508 0.5415735775539967 0.7166061547181137 0.5375098722254463 0.7278542823569079 0.5387602426371358 0.7341032448048934 0.5450121006578206 0.7366028393192479 0.5584535989796343 0.7316036502905393 0.5728328676574199 0.7259795983900922 0.5781469612843693 0.7119194328821244 0.5712699031522488 0.7019210786626074 0.5650180451315642
2 0.7137941168489401 0.44160191833167395 0.7041082298221424 0.4503545171757378 0.6997339513409724 0.4594197160755197 0.6997339513409724 0.475361973107422 0.7012961919529688 0.48661528892591965 0.7072327110461352 0.49786864051783564 0.7141065602037593 0.5050582867812013 0.7222302066185607 0.5084968039227887 0.7322285608380779 0.5075590156801078 0.7437891318316913 0.5016197457906681 0.751287891536854 0.4938049232648124 0.7540999294060277 0.4850523244207484 0.7553497266632048 0.4697352794247548 0.7547248161156662 0.45691896332766757 0.7494132075700384 0.4462908118471874 0.7406646506076985 0.43691302481616046 0.7306663202260814 0.43566264844223435 0.72254267381128 0.43566264844223435
2 0.6926562428474426 0.3785937502980233 0.7075451544009544 0.393462606802613 0.7134816734941208 0.3972137239999184 0.7244173577780957 0.3931500186713679 0.7344156881597128 0.38064629666776223 0.7359779287717092 0.36501665757828705 0.7344156881597128 0.3515751592564732 0.7181683953301101 0.3331321763067826 0.7072327110461352 0.3350077408676717 0.6966094701169796 0.3434477426371359 0.6912978615713518 0.3534507178551259 0.6906729510238132 0.369392957000319
2 0.6840624928474427 0.38289062529802326 0.6750505449038491 0.3859603902947116 0.6659895445866899 0.3947129831765391 0.6638024172650547 0.41190559273342187 0.6638024172650548 0.4278478259163786 0.6716136203250369 0.43816338926561366 0.6800497100946576 0.44660339997843246 0.6903605076689938 0.45129229349394595 0.6997339513409724 0.44910414080181177 0.7087949516581316 0.44035154195774784 0.7153563574609365 0.42753523778513347 0.7153563574609365 0.40252780570239494 0.7062953571437773 0.3922122423531598 0.7009837485981495 0.38345963754685947 0.6894231537666361 0.38127149677919814
2 0.6056870712663681 0.2356612549267209 0.5944389436275739 0.24222571300312346 0.590064665146404 0.259730934540197 0.5913144624035811 0.28786429563327787 0.5956887170468511 0.29286576535556363 0.600062995528021 0.30161835227515466 0.6116235903595345 0.3050568932656878 0.6328700483799458 0.30036799975017436 0.6378692135707543 0.2834879664000638 0.637556770215935 0.246602006462919 0.6331824917347652 0.24316348932133158 0.6288082370914951 0.24003756031098927 0.6238090480627866 0.23534866679547578 0.6175600856148009 0.23409829042154967 0.613185830971531 0.23409829042154973
2 0.6403124928474426 0.24421875029802326 0.6437883536676806 0.2397918489999184 0.6497248727608469 0.236040731802613 0.6584734297231869 0.23572814367136796 0.6672219628476267 0.23791629636350212 0.6700340007168003 0.2435429661972237 0.675033165907609 0.2504200124048714 0.6769078737123245 0.2579222348750093 0.6769078737123245 0.26792521009299924 0.6750331659076089 0.2776155852552713 0.6712837979739774 0.28136670245257667 0.6669095194928075 0.2857430078368451 0.6622227976568182 0.2869933722862983 0.6565987219184712 0.28980671316539547 0.6497248727608469 0.2894941250341504 0.6462879481820347 0.2869933722862983 0.6403514290888684 0.28105411432133154 0.6387891884768719 0.2748022563006469 0.638789188476872 0.26542446926961993
2 0.5512499928474426 0.23289062529802323 0.5528659548170691 0.22603776254685948 0.5600522711674126 0.2244747980416883 0.5700506015490298 0.2244747980416883 0.5806738424781853 0.23885407268171022 0.582548526445001 0.26730002190603624 0.565988766422679 0.2841800433316739 0.553803308719427 0.27699040899278116
2 0.5219531178474426 0.23875000029802323 0.5322443835062964 0.23572814367136796 0.5441173978547292 0.22572516845337792 0.5466169923690836 0.21791034592752218 0.5459921056594449 0.21009552340166632 0.54380495449991 0.2038436653809817 0.5381809025994628 0.19884218969645956 0.5269327511227687 0.19665403104208895 0.518496661353148 0.19665403104208895 0.5138099395171587 0.20478144169918985 0.511935255550343 0.21353404650549018 0.5100605715835274 0.22009849265741993 0.5131850528075201 0.22509998026641492 0.5131850528075201 0.23041406196889144 0.5163095340315129 0.23697850812082116
2 0.5250781178474426 0.23914062529802324 0.5394306760187401 0.2326022146610256 0.5453671951119063 0.2322896146053077 0.5522410681074306 0.23604073180261304 0.5528659548170691 0.24791925965701928 0.551616157559892 0.2585474230619723 0.5519286009147113 0.2682377982242444 0.5506788274954342 0.27761558525527136 0.5453671951119063 0.28136670245257667 0.5378684354067436 0.2801163380031234 0.5331817135707544 0.2773029971240262 0.5288074589274844 0.27105113910334155 0.5259954210583109 0.26417409289569393 0.5203713453199638 0.2544837177334219 0.5213086992223216 0.2404170371868814 0.5256829777034915 0.23760369630778416
2 0.44617186784744267 0.26492187529802325 0.4573836033505213 0.25853302340166634 0.4661321603128612 0.26040858200031897 0.473630920018024 0.2638470991419064 0.4776927313064747 0.27134933353651713 0.4805047691756483 0.2794767501558545 0.4808172125304676 0.28822934899991837 0.4808172125304676 0.2966693597127372 0.47550560398483976 0.3019834414152137 0.4711313255036698 0.30729751119321735 0.46456991970086486 0.3088604756983886 0.45769607054324063 0.3094856638853516 0.45175955145007424 0.30385899405162997 0.44644791906654646 0.29979528872307953 0.44488567845455 0.2926056543841868 0.4433234378425536 0.28729157268171024 0.4430109944877343 0.2791641501001365 0.442698551132915 0.270724157274027
2 0.41648436784744264 0.26218750029802323 0.4258263477557737 0.2600959879068375 0.43582470197529083 0.2600959879068375 0.4398865132637415 0.26415969323538796 0.44269855113291506 0.26853599265741995 0.4442607917449114 0.2763508151832757 0.44582303235690784 0.28979231350508955 0.4461354757117271 0.2985449123491535 0.447072829614085 0.3063597348750093 0.44707282961408495 0.31542493377479114 0.4445732350997307 0.3223019799824388 0.44051142381128 0.3273034616291974 0.43145042349412077 0.32886642613436856 0.4248890176913158 0.33136716695774787 0.4183275880506109 0.3307419787707848 0.40676701705699747 0.32824123794740556 0.403017649123366 0.3191760509720965 0.3964562194826611 0.30010787685432466 0.39645621948266113 0.28385304361565 0.4039549791878239 0.2747878506781046 0.41457822011697953 0.26447229925334237
2 0.3848437428474426 0.22585937529802325 0.3970811300301997 0.22571076581195376 0.40551721979982036 0.22571076581195376 0.40989149828099025 0.23133743862679357 0.413953333407341 0.2419655960695102 0.413953333407341 0.25634487070953216 0.41270353615016386 0.26384709914190646 0.3983309272873768 0.2766634092767572 0.39395664880620684 0.27885156196889144 0.38552053519868623 0.2776011915572018 0.3814587239102355 0.2691611927688558 0.3755222048170691 0.25947079971987447 0.37208528023825704 0.2494678304641209 0.3723977235930763 0.23946485524613093 0.37708444542906555 0.23227522090723815 0.38208361061987406 0.22571076581195376
2 0.2848437428474426 0.23562500029802325 0.29241099710748986 0.2316500327202751 0.3008470987960605 0.23008706821510394 0.310220542468039 0.23039966230858547 0.31771930217320177 0.23571373804882553 0.32178113729955243 0.24196559606951018 0.3242807079760067 0.2504056187068019 0.3249056185235452 0.2644722992533423 0.3242807079760067 0.2754130507895404 0.32303091071882956 0.2829152672974419 0.322406024009191 0.2879167608686733 0.31771930217320177 0.29323083064667693 0.31365746704685105 0.29760713603094535 0.3092832124035811 0.30073306504128766 0.303659136665234 0.30323380586466697 0.29647283223384047 0.3047967703698381 0.2908487564954934 0.30323380586466697 0.28459979404750774 0.29979528872307953 0.2792881855018799 0.29604417152577417 0.27366410976353284 0.29041750169205255 0.27085208381330933 0.28385304361565 0.27085208381330933 0.2763508151832757 0.27053962853954 0.27072415727402693 0.26991474182990144 0.26165895241200865 0.27210186915153645 0.25728265298997666 0.27866328687329134 0.24509153104208892
2 0.2567187428474426 0.21414062529802325 0.2667902606059086 0.21226927345237637 0.2767885909875257 0.21226927345237637 0.2833500087092806 0.2150826143314736 0.28553714794986557 0.23102484453331204 0.28459979404750774 0.2366515203292701 0.27710104626129495 0.24790486595894973 0.2708520838133093 0.2582204412326577 0.25804170364356865 0.25478190620436103 0.25554212104816443 0.2497804245576024 0.25054295585735586 0.2457167251912884 0.2502305005835866 0.24321597244343626 0.24898071524535947 0.22633595399891682 0.24929315860017878 0.22133447235215825
2 0.6571365703143865 0.3720071103688954 0.6469556271305148 0.37119226994553906 0.6392181040968177 0.37893336276201783 0.6371819154600432 0.3887116032631418 0.6379963784868439 0.4005269603647415 0.641254292733592 0.4090829246887463 0.6453266700071407 0.4156017413281057 0.6510280044040635 0.4204908615786678 0.6579510333411871 0.42130571754410884 0.6656885563748842 0.417231453258988 0.6713898907718072 0.40378638422650603 0.6742405424353821 0.38789674729770074 0.672611585312008 0.38341506280090165 0.6681319765250588 0.3773036663732204 0.6616161791013355 0.37485909847689697
2 0.33679686784744267 0.4223437502980233 0.3469902383728433 0.42551150799911713 0.35011471959683615 0.42957521332766757 0.3541765547231869 0.4358270713483522 0.35761347930199894 0.4423915294247548 0.3579259226568182 0.44895597557668454 0.3591757199139954 0.45645820997129527 0.3591757199139954 0.4658359970023222 0.3557387953351832 0.4724004431542519 0.35011471959683615 0.47833971304369144 0.34792759227520115 0.4808404657915436 0.3354296673792298 0.48240343029671473 0.3291807049312442 0.48240343029671473 0.3248064264500742 0.4783397130436915 0.3185574640020886 0.4720878550230069 0.3169952233900921 0.464273032497151 0.3141831855209186 0.45489524546612403 0.3132458316185608 0.444579682116889 0.3132458316185608 0.4392656004144124 0.315745426132915 0.43426410684318106 0.32105703467854285 0.42957521332766757 0.32418151590253563 0.4283248488782143 0.33230518615523696 0.42394854349394595
2 0.17703124284744265 0.04851562529802323 0.18614259247818532 0.04572740284798865 0.19489112560262528 0.04541480279227071 0.20114008805061095 0.046039990979233725 0.2064517204341387 0.05385481350508954 0.20770151769131587 0.058231118889357926 0.2127006828821244 0.06510815317253277 0.21426292349412082 0.0732355757541065 0.21488781020375938 0.08167558646692533 0.21426292349412082 0.09324151426561364 0.20801396104613515 0.09886819602380809 0.20520192317696162 0.10480745398877482 0.19926540408379523 0.10574523030698292 0.18957951705699747 0.10449486585752969 0.18551768193064677 0.10168152497843248 0.17926871948266113 0.09480447877078481 0.17301975703467548 0.08980299712402622 0.16895794574622475 0.08105039827996231 0.16833303519868623 0.06948445855680115 0.16958283245586336 0.06010667152577419 0.17114507306785975 0.05448000169205258
2 0.16414061784744263 0.08015625029802323 0.1542728696907185 0.08480151547726765 0.1542728696907185 0.09292892613436853 0.15052350175708706 0.10762079486787204 0.15052350175708706 0.11512301733800988 0.15239818572390276 0.11981191085352336 0.1567724642050727 0.126063768874208 0.1664583512318705 0.1307526623897215 0.1733322242273947 0.13169045063240242 0.18270566789937323 0.12387562810654669 0.18801727644500105 0.11606080558069086 0.18832971979982033 0.10793338299911713 0.18583014912336604 0.09668004333167392 0.18083096009465754 0.09074077344223434 0.17520690819421042 0.08605187992672088 0.16770814848904764 0.08136298641120739 0.16583346452223194 0.07948743377479114
2 0.02164712796608606 0.10343424510210751 0.03032431508144305 0.10703929566421494 0.03781003644857173 0.11127232204812164 0.04497032081890942 0.11843591184775465 0.04594670630271974 0.12690196461556807 0.04659765478973907 0.13960105618861413 0.04659765478973907 0.14839272159314115 0.0436684486760166 0.15425384842459372 0.03813552310765431 0.15978933777668092 0.030324315081443037 0.16402237658191346 0.015027360856957321 0.16434798921862712 0.007216177661891872 0.1558819364508137 0.00623976734693581 0.15295137303508738 0.0026596375773398767 0.1425316071830145 0.0010323036065102709 0.1353680173833815 0.0036360230611501287 0.1242970262578813 0.007541639489828639 0.1129004100743416 0.011447231087361398 0.10964423402190168 0.01763110514274302 0.10475996373257887